1763056721750 0.9 1
1763056721776 0.9 1
1763056721889 0.8 0
1763056721905 0.801 1
1763056721916 0.802 2
1763056721927 0.803 3
1763056721938 0.804 4
1763056721951 0.805 5
1763056721962 0.806 6
1763056721972 0.807 7
1763056721984 0.808 8
1763056721996 0.809 9
1763056722007 0.81 10
1763056722022 0.811 11
1763056722035 0.812 12
1763056722047 0.8130000000000001 13
1763056722064 0.8140000000000001 14
1763056722075 0.8150000000000001 15
1763056722088 0.8160000000000001 16
1763056722102 0.8170000000000001 17
1763056722112 0.8180000000000001 18
1763056722128 0.8190000000000001 19
1763056722141 0.8200000000000001 20
1763056722153 0.8210000000000001 21
1763056722167 0.8220000000000001 22
1763056722180 0.8230000000000001 23
1763056722197 0.8240000000000001 24
1763056722206 0.8250000000000001 25
1763056722223 0.8260000000000001 26
1763056722234 0.8270000000000001 27
1763056722248 0.8280000000000001 28
1763056722264 0.8290000000000001 29
1763056722276 0.8300000000000001 30
1763056722289 0.8310000000000001 31
1763056722302 0.8320000000000001 32
1763056722315 0.8330000000000001 33
1763056722332 0.8340000000000001 34
1763056722354 0.8350000000000001 35
1763056722383 0.8360000000000001 36
1763056722403 0.8370000000000001 37
1763056722423 0.8380000000000001 38
1763056722438 0.8390000000000001 39
1763056722448 0.8400000000000001 40
1763056722460 0.8410000000000001 41
1763056722472 0.8420000000000001 42
1763056722485 0.8430000000000001 43
1763056722495 0.8440000000000001 44
1763056722508 0.8450000000000001 45
1763056722524 0.8460000000000001 46
1763056722534 0.8470000000000001 47
1763056722546 0.8480000000000001 48
1763056722558 0.8490000000000001 49
1763056722573 0.8500000000000001 50
1763056722585 0.8510000000000001 51
1763056722598 0.8520000000000001 52
1763056722608 0.8530000000000001 53
1763056722621 0.8540000000000001 54
1763056722635 0.8550000000000001 55
1763056722647 0.8560000000000001 56
1763056722659 0.8570000000000001 57
1763056722669 0.8580000000000001 58
1763056722683 0.8590000000000001 59
1763056722697 0.8600000000000001 60
1763056722710 0.861 61
1763056722722 0.8620000000000001 62
1763056722735 0.863 63
1763056722748 0.8640000000000001 64
1763056722758 0.865 65
1763056722771 0.8660000000000001 66
1763056722785 0.867 67
1763056722797 0.8680000000000001 68
1763056722810 0.869 69
1763056722822 0.8700000000000001 70
1763056722836 0.871 71
1763056722850 0.8720000000000001 72
1763056722860 0.873 73
1763056722875 0.874 74
1763056722888 0.875 75
1763056722900 0.876 76
1763056722912 0.877 77
1763056722929 0.878 78
1763056722942 0.879 79
1763056722955 0.88 80
1763056722969 0.881 81
1763056722983 0.882 82
1763056722993 0.883 83
1763056723006 0.884 84
1763056723017 0.885 85
1763056723030 0.886 86
1763056723040 0.887 87
1763056723057 0.888 88
1763056723071 0.889 89
1763056723086 0.89 90
1763056723107 0.891 91
1763056723125 0.892 92
1763056723140 0.893 93
1763056723157 0.894 94
1763056723171 0.895 95
1763056723186 0.896 96
1763056723204 0.897 97
1763056723218 0.898 98
1763056723229 0.899 99
