1763056721896 0.2 0
1763056721906 0.1998 1
1763056721921 0.1996 2
1763056721933 0.19940000000000002 3
1763056721944 0.19920000000000002 4
1763056721957 0.199 5
1763056721968 0.1988 6
1763056721980 0.1986 7
1763056721990 0.19840000000000002 8
1763056722002 0.19820000000000002 9
1763056722016 0.198 10
1763056722028 0.1978 11
1763056722036 0.1976 12
1763056722053 0.19740000000000002 13
1763056722070 0.19720000000000001 14
1763056722081 0.197 15
1763056722093 0.1968 16
1763056722108 0.1966 17
1763056722121 0.19640000000000002 18
1763056722134 0.1962 19
1763056722147 0.196 20
1763056722159 0.1958 21
1763056722173 0.19560000000000002 22
1763056722188 0.19540000000000002 23
1763056722202 0.1952 24
1763056722215 0.195 25
1763056722230 0.1948 26
1763056722234 0.19460000000000002 27
1763056722256 0.19440000000000002 28
1763056722268 0.1942 29
1763056722283 0.194 30
1763056722296 0.1938 31
1763056722306 0.19360000000000002 32
1763056722323 0.19340000000000002 33
1763056722344 0.1932 34
1763056722370 0.193 35
1763056722394 0.1928 36
1763056722414 0.19260000000000002 37
1763056722431 0.19240000000000002 38
1763056722442 0.1922 39
1763056722454 0.192 40
1763056722464 0.1918 41
1763056722476 0.19160000000000002 42
1763056722489 0.19140000000000001 43
1763056722502 0.1912 44
1763056722517 0.191 45
1763056722529 0.19080000000000003 46
1763056722540 0.19060000000000002 47
1763056722553 0.1904 48
1763056722568 0.1902 49
1763056722579 0.19 50
1763056722591 0.18980000000000002 51
1763056722604 0.18960000000000002 52
1763056722615 0.1894 53
1763056722631 0.1892 54
1763056722641 0.189 55
1763056722653 0.18880000000000002 56
1763056722664 0.18860000000000002 57
1763056722676 0.1884 58
1763056722689 0.1882 59
1763056722702 0.188 60
1763056722718 0.18780000000000002 61
1763056722729 0.18760000000000002 62
1763056722740 0.1874 63
1763056722753 0.1872 64
1763056722763 0.187 65
1763056722779 0.18680000000000002 66
1763056722792 0.18660000000000002 67
1763056722805 0.1864 68
1763056722816 0.1862 69
1763056722830 0.186 70
1763056722842 0.18580000000000002 71
1763056722854 0.18560000000000001 72
1763056722867 0.1854 73
1763056722882 0.1852 74
1763056722894 0.185 75
1763056722905 0.18480000000000002 76
1763056722918 0.18460000000000001 77
1763056722935 0.1844 78
1763056722950 0.1842 79
1763056722963 0.184 80
1763056722976 0.18380000000000002 81
1763056722989 0.1836 82
1763056722999 0.1834 83
1763056723010 0.1832 84
1763056723024 0.183 85
1763056723037 0.18280000000000002 86
1763056723049 0.1826 87
1763056723063 0.1824 88
1763056723079 0.1822 89
1763056723096 0.182 90
1763056723114 0.18180000000000002 91
1763056723132 0.1816 92
1763056723149 0.1814 93
1763056723165 0.1812 94
1763056723181 0.18100000000000002 95
1763056723195 0.18080000000000002 96
1763056723213 0.1806 97
1763056723225 0.1804 98
1763056723237 0.1802 99
