1762940248377 0.9 1
1762940248435 0.9 1
1762940248620 0.8 0
1762940248648 0.801 1
1762940248663 0.802 2
1762940248688 0.803 3
1762940248707 0.804 4
1762940248727 0.805 5
1762940248747 0.806 6
1762940248759 0.807 7
1762940248783 0.808 8
1762940248806 0.809 9
1762940248824 0.81 10
1762940248845 0.811 11
1762940248858 0.812 12
1762940248876 0.8130000000000001 13
1762940248894 0.8140000000000001 14
1762940248920 0.8150000000000001 15
1762940248937 0.8160000000000001 16
1762940248957 0.8170000000000001 17
1762940248974 0.8180000000000001 18
1762940248993 0.8190000000000001 19
1762940249009 0.8200000000000001 20
1762940249026 0.8210000000000001 21
1762940249042 0.8220000000000001 22
1762940249060 0.8230000000000001 23
1762940249078 0.8240000000000001 24
1762940249094 0.8250000000000001 25
1762940249124 0.8260000000000001 26
1762940249140 0.8270000000000001 27
1762940249156 0.8280000000000001 28
1762940249181 0.8290000000000001 29
1762940249200 0.8300000000000001 30
1762940249219 0.8310000000000001 31
1762940249235 0.8320000000000001 32
1762940249250 0.8330000000000001 33
1762940249274 0.8340000000000001 34
1762940249295 0.8350000000000001 35
1762940249316 0.8360000000000001 36
1762940249336 0.8370000000000001 37
1762940249357 0.8380000000000001 38
1762940249377 0.8390000000000001 39
1762940249396 0.8400000000000001 40
1762940249415 0.8410000000000001 41
1762940249432 0.8420000000000001 42
1762940249454 0.8430000000000001 43
1762940249471 0.8440000000000001 44
1762940249494 0.8450000000000001 45
1762940249510 0.8460000000000001 46
1762940249532 0.8470000000000001 47
1762940249550 0.8480000000000001 48
1762940249569 0.8490000000000001 49
1762940249585 0.8500000000000001 50
1762940249608 0.8510000000000001 51
1762940249626 0.8520000000000001 52
1762940249647 0.8530000000000001 53
1762940249666 0.8540000000000001 54
1762940249679 0.8550000000000001 55
1762940249703 0.8560000000000001 56
1762940249714 0.8570000000000001 57
1762940249744 0.8580000000000001 58
1762940249760 0.8590000000000001 59
1762940249785 0.8600000000000001 60
1762940249807 0.861 61
1762940249824 0.8620000000000001 62
1762940249873 0.863 63
1762940249904 0.8640000000000001 64
1762940249930 0.865 65
1762940249950 0.8660000000000001 66
1762940249974 0.867 67
1762940249990 0.8680000000000001 68
1762940250003 0.869 69
1762940250031 0.8700000000000001 70
1762940250047 0.871 71
1762940250060 0.8720000000000001 72
1762940250078 0.873 73
1762940250104 0.874 74
1762940250123 0.875 75
1762940250141 0.876 76
1762940250154 0.877 77
1762940250180 0.878 78
1762940250198 0.879 79
1762940250216 0.88 80
1762940250236 0.881 81
1762940250254 0.882 82
1762940250274 0.883 83
1762940250296 0.884 84
1762940250314 0.885 85
1762940250334 0.886 86
1762940250353 0.887 87
1762940250377 0.888 88
1762940250394 0.889 89
1762940250414 0.89 90
1762940250432 0.891 91
1762940250447 0.892 92
1762940250465 0.893 93
1762940250491 0.894 94
1762940250511 0.895 95
1762940250528 0.896 96
1762940250556 0.897 97
1762940250581 0.898 98
1762940250593 0.899 99
