1762940248635 0.2 0
1762940248659 0.1998 1
1762940248680 0.1996 2
1762940248697 0.19940000000000002 3
1762940248717 0.19920000000000002 4
1762940248729 0.199 5
1762940248751 0.1988 6
1762940248777 0.1986 7
1762940248796 0.19840000000000002 8
1762940248815 0.19820000000000002 9
1762940248826 0.198 10
1762940248858 0.1978 11
1762940248872 0.1976 12
1762940248894 0.19740000000000002 13
1762940248905 0.19720000000000001 14
1762940248921 0.197 15
1762940248939 0.1968 16
1762940248960 0.1966 17
1762940248978 0.19640000000000002 18
1762940248993 0.1962 19
1762940249012 0.196 20
1762940249029 0.1958 21
1762940249047 0.19560000000000002 22
1762940249076 0.19540000000000002 23
1762940249092 0.1952 24
1762940249110 0.195 25
1762940249136 0.1948 26
1762940249152 0.19460000000000002 27
1762940249174 0.19440000000000002 28
1762940249192 0.1942 29
1762940249210 0.194 30
1762940249229 0.1938 31
1762940249247 0.19360000000000002 32
1762940249266 0.19340000000000002 33
1762940249286 0.1932 34
1762940249306 0.193 35
1762940249327 0.1928 36
1762940249349 0.19260000000000002 37
1762940249367 0.19240000000000002 38
1762940249377 0.1922 39
1762940249404 0.192 40
1762940249425 0.1918 41
1762940249440 0.19160000000000002 42
1762940249460 0.19140000000000001 43
1762940249481 0.1912 44
1762940249505 0.191 45
1762940249522 0.19080000000000003 46
1762940249541 0.19060000000000002 47
1762940249560 0.1904 48
1762940249579 0.1902 49
1762940249597 0.19 50
1762940249618 0.18980000000000002 51
1762940249630 0.18960000000000002 52
1762940249647 0.1894 53
1762940249674 0.1892 54
1762940249691 0.189 55
1762940249711 0.18880000000000002 56
1762940249734 0.18860000000000002 57
1762940249753 0.1884 58
1762940249763 0.1882 59
1762940249795 0.188 60
1762940249815 0.18780000000000002 61
1762940249850 0.18760000000000002 62
1762940249889 0.1874 63
1762940249920 0.1872 64
1762940249934 0.187 65
1762940249950 0.18680000000000002 66
1762940249984 0.18660000000000002 67
1762940249998 0.1864 68
1762940250020 0.1862 69
1762940250039 0.186 70
1762940250056 0.18580000000000002 71
1762940250071 0.18560000000000001 72
1762940250090 0.1854 73
1762940250109 0.1852 74
1762940250127 0.185 75
1762940250142 0.18480000000000002 76
1762940250168 0.18460000000000001 77
1762940250190 0.1844 78
1762940250208 0.1842 79
1762940250226 0.184 80
1762940250245 0.18380000000000002 81
1762940250264 0.1836 82
1762940250281 0.1834 83
1762940250304 0.1832 84
1762940250323 0.183 85
1762940250343 0.18280000000000002 86
1762940250359 0.1826 87
1762940250384 0.1824 88
1762940250404 0.1822 89
1762940250416 0.182 90
1762940250441 0.18180000000000002 91
1762940250460 0.1816 92
1762940250479 0.1814 93
1762940250502 0.1812 94
1762940250511 0.18100000000000002 95
1762940250544 0.18080000000000002 96
1762940250564 0.1806 97
1762940250593 0.1804 98
1762940250612 0.1802 99
