1763056697115 0.9 1
1763056697148 0.9 1
1763056697258 0.8 0
1763056697273 0.801 1
1763056697290 0.802 2
1763056697299 0.803 3
1763056697315 0.804 4
1763056697324 0.805 5
1763056697335 0.806 6
1763056697347 0.807 7
1763056697358 0.808 8
1763056697369 0.809 9
1763056697381 0.81 10
1763056697391 0.811 11
1763056697403 0.812 12
1763056697413 0.8130000000000001 13
1763056697423 0.8140000000000001 14
1763056697430 0.8150000000000001 15
1763056697446 0.8160000000000001 16
1763056697455 0.8170000000000001 17
1763056697467 0.8180000000000001 18
1763056697476 0.8190000000000001 19
1763056697488 0.8200000000000001 20
1763056697498 0.8210000000000001 21
1763056697513 0.8220000000000001 22
1763056697525 0.8230000000000001 23
1763056697539 0.8240000000000001 24
1763056697549 0.8250000000000001 25
1763056697563 0.8260000000000001 26
1763056697568 0.8270000000000001 27
1763056697586 0.8280000000000001 28
1763056697597 0.8290000000000001 29
1763056697607 0.8300000000000001 30
1763056697618 0.8310000000000001 31
1763056697630 0.8320000000000001 32
1763056697638 0.8330000000000001 33
1763056697651 0.8340000000000001 34
1763056697663 0.8350000000000001 35
1763056697674 0.8360000000000001 36
1763056697680 0.8370000000000001 37
1763056697695 0.8380000000000001 38
1763056697705 0.8390000000000001 39
1763056697721 0.8400000000000001 40
1763056697731 0.8410000000000001 41
1763056697741 0.8420000000000001 42
1763056697752 0.8430000000000001 43
1763056697764 0.8440000000000001 44
1763056697775 0.8450000000000001 45
1763056697790 0.8460000000000001 46
1763056697802 0.8470000000000001 47
1763056697812 0.8480000000000001 48
1763056697824 0.8490000000000001 49
1763056697836 0.8500000000000001 50
1763056697848 0.8510000000000001 51
1763056697862 0.8520000000000001 52
1763056697875 0.8530000000000001 53
1763056697889 0.8540000000000001 54
1763056697903 0.8550000000000001 55
1763056697919 0.8560000000000001 56
1763056697935 0.8570000000000001 57
1763056697953 0.8580000000000001 58
1763056697968 0.8590000000000001 59
1763056697983 0.8600000000000001 60
1763056698002 0.861 61
1763056698021 0.8620000000000001 62
1763056698034 0.863 63
1763056698049 0.8640000000000001 64
1763056698065 0.865 65
1763056698081 0.8660000000000001 66
1763056698096 0.867 67
1763056698114 0.8680000000000001 68
1763056698131 0.869 69
1763056698149 0.8700000000000001 70
1763056698168 0.871 71
1763056698187 0.8720000000000001 72
1763056698206 0.873 73
1763056698223 0.874 74
1763056698239 0.875 75
1763056698255 0.876 76
1763056698275 0.877 77
1763056698298 0.878 78
1763056698317 0.879 79
1763056698335 0.88 80
1763056698355 0.881 81
1763056698376 0.882 82
1763056698398 0.883 83
1763056698418 0.884 84
1763056698436 0.885 85
1763056698450 0.886 86
1763056698466 0.887 87
1763056698479 0.888 88
1763056698481 0.889 89
1763056698505 0.89 90
1763056698521 0.891 91
1763056698538 0.892 92
1763056698556 0.893 93
1763056698569 0.894 94
1763056698586 0.895 95
1763056698603 0.896 96
1763056698615 0.897 97
1763056698631 0.898 98
1763056698645 0.899 99
