1763056697267 0.2 0
1763056697282 0.1998 1
1763056697297 0.1996 2
1763056697308 0.19940000000000002 3
1763056697320 0.19920000000000002 4
1763056697331 0.199 5
1763056697339 0.1988 6
1763056697349 0.1986 7
1763056697365 0.19840000000000002 8
1763056697375 0.19820000000000002 9
1763056697385 0.198 10
1763056697397 0.1978 11
1763056697406 0.1976 12
1763056697413 0.19740000000000002 13
1763056697430 0.19720000000000001 14
1763056697439 0.197 15
1763056697446 0.1968 16
1763056697460 0.1966 17
1763056697471 0.19640000000000002 18
1763056697482 0.1962 19
1763056697492 0.196 20
1763056697503 0.1958 21
1763056697519 0.19560000000000002 22
1763056697533 0.19540000000000002 23
1763056697543 0.1952 24
1763056697556 0.195 25
1763056697568 0.1948 26
1763056697580 0.19460000000000002 27
1763056697590 0.19440000000000002 28
1763056697603 0.1942 29
1763056697612 0.194 30
1763056697622 0.1938 31
1763056697636 0.19360000000000002 32
1763056697647 0.19340000000000002 33
1763056697655 0.1932 34
1763056697667 0.193 35
1763056697680 0.1928 36
1763056697687 0.19260000000000002 37
1763056697701 0.19240000000000002 38
1763056697713 0.1922 39
1763056697723 0.192 40
1763056697734 0.1918 41
1763056697747 0.19160000000000002 42
1763056697756 0.19140000000000001 43
1763056697770 0.1912 44
1763056697782 0.191 45
1763056697796 0.19080000000000003 46
1763056697806 0.19060000000000002 47
1763056697818 0.1904 48
1763056697830 0.1902 49
1763056697842 0.19 50
1763056697855 0.18980000000000002 51
1763056697868 0.18960000000000002 52
1763056697883 0.1894 53
1763056697897 0.1892 54
1763056697909 0.189 55
1763056697926 0.18880000000000002 56
1763056697940 0.18860000000000002 57
1763056697961 0.1884 58
1763056697974 0.1882 59
1763056697993 0.188 60
1763056698015 0.18780000000000002 61
1763056698026 0.18760000000000002 62
1763056698042 0.1874 63
1763056698058 0.1872 64
1763056698073 0.187 65
1763056698088 0.18680000000000002 66
1763056698103 0.18660000000000002 67
1763056698123 0.1864 68
1763056698140 0.1862 69
1763056698158 0.186 70
1763056698178 0.18580000000000002 71
1763056698197 0.18560000000000001 72
1763056698215 0.1854 73
1763056698231 0.1852 74
1763056698247 0.185 75
1763056698264 0.18480000000000002 76
1763056698285 0.18460000000000001 77
1763056698307 0.1844 78
1763056698325 0.1842 79
1763056698346 0.184 80
1763056698366 0.18380000000000002 81
1763056698389 0.1836 82
1763056698407 0.1834 83
1763056698429 0.1832 84
1763056698443 0.183 85
1763056698456 0.18280000000000002 86
1763056698471 0.1826 87
1763056698481 0.1824 88
1763056698498 0.1822 89
1763056698514 0.182 90
1763056698531 0.18180000000000002 91
1763056698547 0.1816 92
1763056698565 0.1814 93
1763056698579 0.1812 94
1763056698594 0.18100000000000002 95
1763056698607 0.18080000000000002 96
1763056698621 0.1806 97
1763056698635 0.1804 98
1763056698653 0.1802 99
