1763057761156 0.9 1
1763057761192 0.9 1
1763057761289 0.8 0
1763057761304 0.801 1
1763057761320 0.802 2
1763057761332 0.803 3
1763057761345 0.804 4
1763057761357 0.805 5
1763057761371 0.806 6
1763057761389 0.807 7
1763057761400 0.808 8
1763057761415 0.809 9
1763057761420 0.81 10
1763057761437 0.811 11
1763057761444 0.812 12
1763057761459 0.8130000000000001 13
1763057761467 0.8140000000000001 14
1763057761479 0.8150000000000001 15
1763057761492 0.8160000000000001 16
1763057761499 0.8170000000000001 17
1763057761515 0.8180000000000001 18
1763057761527 0.8190000000000001 19
1763057761533 0.8200000000000001 20
1763057761548 0.8210000000000001 21
1763057761548 0.8220000000000001 22
1763057761569 0.8230000000000001 23
1763057761579 0.8240000000000001 24
1763057761589 0.8250000000000001 25
1763057761601 0.8260000000000001 26
1763057761612 0.8270000000000001 27
1763057761622 0.8280000000000001 28
1763057761634 0.8290000000000001 29
1763057761643 0.8300000000000001 30
1763057761660 0.8310000000000001 31
1763057761676 0.8320000000000001 32
1763057761690 0.8330000000000001 33
1763057761701 0.8340000000000001 34
1763057761707 0.8350000000000001 35
1763057761722 0.8360000000000001 36
1763057761730 0.8370000000000001 37
1763057761740 0.8380000000000001 38
1763057761757 0.8390000000000001 39
1763057761768 0.8400000000000001 40
1763057761775 0.8410000000000001 41
1763057761790 0.8420000000000001 42
1763057761801 0.8430000000000001 43
1763057761813 0.8440000000000001 44
1763057761826 0.8450000000000001 45
1763057761841 0.8460000000000001 46
1763057761853 0.8470000000000001 47
1763057761864 0.8480000000000001 48
1763057761876 0.8490000000000001 49
1763057761891 0.8500000000000001 50
1763057761902 0.8510000000000001 51
1763057761916 0.8520000000000001 52
1763057761932 0.8530000000000001 53
1763057761944 0.8540000000000001 54
1763057761960 0.8550000000000001 55
1763057761973 0.8560000000000001 56
1763057761982 0.8570000000000001 57
1763057761998 0.8580000000000001 58
1763057762007 0.8590000000000001 59
1763057762029 0.8600000000000001 60
1763057762041 0.861 61
1763057762054 0.8620000000000001 62
1763057762067 0.863 63
1763057762079 0.8640000000000001 64
1763057762094 0.865 65
1763057762109 0.8660000000000001 66
1763057762123 0.867 67
1763057762135 0.8680000000000001 68
1763057762143 0.869 69
1763057762163 0.8700000000000001 70
1763057762171 0.871 71
1763057762190 0.8720000000000001 72
1763057762206 0.873 73
1763057762222 0.874 74
1763057762237 0.875 75
1763057762249 0.876 76
1763057762261 0.877 77
1763057762276 0.878 78
1763057762289 0.879 79
1763057762295 0.88 80
1763057762318 0.881 81
1763057762325 0.882 82
1763057762342 0.883 83
1763057762359 0.884 84
1763057762370 0.885 85
1763057762384 0.886 86
1763057762397 0.887 87
1763057762406 0.888 88
1763057762428 0.889 89
1763057762440 0.89 90
1763057762451 0.891 91
1763057762467 0.892 92
1763057762479 0.893 93
1763057762491 0.894 94
1763057762511 0.895 95
1763057762519 0.896 96
1763057762531 0.897 97
1763057762547 0.898 98
1763057762560 0.899 99
