1763057761296 0.2 0
1763057761312 0.1998 1
1763057761327 0.1996 2
1763057761336 0.19940000000000002 3
1763057761349 0.19920000000000002 4
1763057761361 0.199 5
1763057761380 0.1988 6
1763057761396 0.1986 7
1763057761405 0.19840000000000002 8
1763057761420 0.19820000000000002 9
1763057761432 0.198 10
1763057761437 0.1978 11
1763057761453 0.1976 12
1763057761463 0.19740000000000002 13
1763057761475 0.19720000000000001 14
1763057761485 0.197 15
1763057761497 0.1968 16
1763057761510 0.1966 17
1763057761519 0.19640000000000002 18
1763057761531 0.1962 19
1763057761542 0.196 20
1763057761548 0.1958 21
1763057761563 0.19560000000000002 22
1763057761573 0.19540000000000002 23
1763057761585 0.1952 24
1763057761595 0.195 25
1763057761607 0.1948 26
1763057761616 0.19460000000000002 27
1763057761627 0.19440000000000002 28
1763057761637 0.1942 29
1763057761643 0.194 30
1763057761660 0.1938 31
1763057761678 0.19360000000000002 32
1763057761695 0.19340000000000002 33
1763057761707 0.1932 34
1763057761707 0.193 35
1763057761722 0.1928 36
1763057761740 0.19260000000000002 37
1763057761740 0.19240000000000002 38
1763057761761 0.1922 39
1763057761770 0.192 40
1763057761782 0.1918 41
1763057761795 0.19160000000000002 42
1763057761809 0.19140000000000001 43
1763057761816 0.1912 44
1763057761834 0.191 45
1763057761846 0.19080000000000003 46
1763057761857 0.19060000000000002 47
1763057761868 0.1904 48
1763057761885 0.1902 49
1763057761898 0.19 50
1763057761912 0.18980000000000002 51
1763057761922 0.18960000000000002 52
1763057761940 0.1894 53
1763057761951 0.1892 54
1763057761964 0.189 55
1763057761977 0.18880000000000002 56
1763057761991 0.18860000000000002 57
1763057762005 0.1884 58
1763057762022 0.1882 59
1763057762035 0.188 60
1763057762041 0.18780000000000002 61
1763057762061 0.18760000000000002 62
1763057762075 0.1874 63
1763057762089 0.1872 64
1763057762103 0.187 65
1763057762109 0.18680000000000002 66
1763057762126 0.18660000000000002 67
1763057762143 0.1864 68
1763057762156 0.1862 69
1763057762169 0.186 70
1763057762182 0.18580000000000002 71
1763057762198 0.18560000000000001 72
1763057762214 0.1854 73
1763057762230 0.1852 74
1763057762240 0.185 75
1763057762253 0.18480000000000002 76
1763057762270 0.18460000000000001 77
1763057762279 0.1844 78
1763057762295 0.1842 79
1763057762310 0.184 80
1763057762325 0.18380000000000002 81
1763057762337 0.1836 82
1763057762352 0.1834 83
1763057762365 0.1832 84
1763057762375 0.183 85
1763057762388 0.18280000000000002 86
1763057762406 0.1826 87
1763057762420 0.1824 88
1763057762433 0.1822 89
1763057762444 0.182 90
1763057762461 0.18180000000000002 91
1763057762470 0.1816 92
1763057762489 0.1814 93
1763057762501 0.1812 94
1763057762515 0.18100000000000002 95
1763057762530 0.18080000000000002 96
1763057762536 0.1806 97
1763057762555 0.1804 98
1763057762563 0.1802 99
