1762940146579 0.9 1
1762940146636 0.9 1
1762940146823 0.8 0
1762940146844 0.801 1
1762940146863 0.802 2
1762940146889 0.803 3
1762940146910 0.804 4
1762940146931 0.805 5
1762940146955 0.806 6
1762940146979 0.807 7
1762940146999 0.808 8
1762940147019 0.809 9
1762940147041 0.81 10
1762940147061 0.811 11
1762940147084 0.812 12
1762940147104 0.8130000000000001 13
1762940147125 0.8140000000000001 14
1762940147144 0.8150000000000001 15
1762940147168 0.8160000000000001 16
1762940147196 0.8170000000000001 17
1762940147225 0.8180000000000001 18
1762940147250 0.8190000000000001 19
1762940147282 0.8200000000000001 20
1762940147305 0.8210000000000001 21
1762940147337 0.8220000000000001 22
1762940147364 0.8230000000000001 23
1762940147400 0.8240000000000001 24
1762940147425 0.8250000000000001 25
1762940147447 0.8260000000000001 26
1762940147469 0.8270000000000001 27
1762940147487 0.8280000000000001 28
1762940147506 0.8290000000000001 29
1762940147523 0.8300000000000001 30
1762940147539 0.8310000000000001 31
1762940147564 0.8320000000000001 32
1762940147580 0.8330000000000001 33
1762940147607 0.8340000000000001 34
1762940147629 0.8350000000000001 35
1762940147646 0.8360000000000001 36
1762940147672 0.8370000000000001 37
1762940147691 0.8380000000000001 38
1762940147712 0.8390000000000001 39
1762940147729 0.8400000000000001 40
1762940147758 0.8410000000000001 41
1762940147778 0.8420000000000001 42
1762940147810 0.8430000000000001 43
1762940147828 0.8440000000000001 44
1762940147856 0.8450000000000001 45
1762940147877 0.8460000000000001 46
1762940147898 0.8470000000000001 47
1762940147914 0.8480000000000001 48
1762940147939 0.8490000000000001 49
1762940147963 0.8500000000000001 50
1762940147978 0.8510000000000001 51
1762940147996 0.8520000000000001 52
1762940148022 0.8530000000000001 53
1762940148042 0.8540000000000001 54
1762940148059 0.8550000000000001 55
1762940148079 0.8560000000000001 56
1762940148105 0.8570000000000001 57
1762940148123 0.8580000000000001 58
1762940148147 0.8590000000000001 59
1762940148168 0.8600000000000001 60
1762940148188 0.861 61
1762940148205 0.8620000000000001 62
1762940148229 0.863 63
1762940148247 0.8640000000000001 64
1762940148275 0.865 65
1762940148298 0.8660000000000001 66
1762940148318 0.867 67
1762940148339 0.8680000000000001 68
1762940148361 0.869 69
1762940148385 0.8700000000000001 70
1762940148408 0.871 71
1762940148435 0.8720000000000001 72
1762940148461 0.873 73
1762940148479 0.874 74
1762940148507 0.875 75
1762940148528 0.876 76
1762940148555 0.877 77
1762940148577 0.878 78
1762940148600 0.879 79
1762940148627 0.88 80
1762940148649 0.881 81
1762940148672 0.882 82
1762940148691 0.883 83
1762940148709 0.884 84
1762940148728 0.885 85
1762940148757 0.886 86
1762940148780 0.887 87
1762940148805 0.888 88
1762940148828 0.889 89
1762940148852 0.89 90
1762940148877 0.891 91
1762940148903 0.892 92
1762940148927 0.893 93
1762940148947 0.894 94
1762940148963 0.895 95
1762940148985 0.896 96
1762940149008 0.897 97
1762940149039 0.898 98
1762940149064 0.899 99
