1762940146833 0.2 0
1762940146855 0.1998 1
1762940146872 0.1996 2
1762940146896 0.19940000000000002 3
1762940146919 0.19920000000000002 4
1762940146940 0.199 5
1762940146970 0.1988 6
1762940146989 0.1986 7
1762940147010 0.19840000000000002 8
1762940147029 0.19820000000000002 9
1762940147047 0.198 10
1762940147072 0.1978 11
1762940147094 0.1976 12
1762940147114 0.19740000000000002 13
1762940147134 0.19720000000000001 14
1762940147156 0.197 15
1762940147180 0.1968 16
1762940147208 0.1966 17
1762940147236 0.19640000000000002 18
1762940147264 0.1962 19
1762940147295 0.196 20
1762940147319 0.1958 21
1762940147350 0.19560000000000002 22
1762940147391 0.19540000000000002 23
1762940147415 0.1952 24
1762940147437 0.195 25
1762940147460 0.1948 26
1762940147473 0.19460000000000002 27
1762940147495 0.19440000000000002 28
1762940147514 0.1942 29
1762940147534 0.194 30
1762940147556 0.1938 31
1762940147577 0.19360000000000002 32
1762940147596 0.19340000000000002 33
1762940147617 0.1932 34
1762940147638 0.193 35
1762940147658 0.1928 36
1762940147679 0.19260000000000002 37
1762940147702 0.19240000000000002 38
1762940147721 0.1922 39
1762940147743 0.192 40
1762940147767 0.1918 41
1762940147797 0.19160000000000002 42
1762940147820 0.19140000000000001 43
1762940147844 0.1912 44
1762940147864 0.191 45
1762940147888 0.19080000000000003 46
1762940147910 0.19060000000000002 47
1762940147932 0.1904 48
1762940147950 0.1902 49
1762940147971 0.19 50
1762940147989 0.18980000000000002 51
1762940148005 0.18960000000000002 52
1762940148030 0.1894 53
1762940148047 0.1892 54
1762940148063 0.189 55
1762940148096 0.18880000000000002 56
1762940148111 0.18860000000000002 57
1762940148134 0.1884 58
1762940148159 0.1882 59
1762940148177 0.188 60
1762940148198 0.18780000000000002 61
1762940148214 0.18760000000000002 62
1762940148241 0.1874 63
1762940148262 0.1872 64
1762940148287 0.187 65
1762940148308 0.18680000000000002 66
1762940148331 0.18660000000000002 67
1762940148349 0.1864 68
1762940148371 0.1862 69
1762940148397 0.186 70
1762940148425 0.18580000000000002 71
1762940148449 0.18560000000000001 72
1762940148471 0.1854 73
1762940148496 0.1852 74
1762940148518 0.185 75
1762940148540 0.18480000000000002 76
1762940148565 0.18460000000000001 77
1762940148589 0.1844 78
1762940148613 0.1842 79
1762940148638 0.184 80
1762940148660 0.18380000000000002 81
1762940148676 0.1836 82
1762940148696 0.1834 83
1762940148717 0.1832 84
1762940148742 0.183 85
1762940148765 0.18280000000000002 86
1762940148792 0.1826 87
1762940148811 0.1824 88
1762940148840 0.1822 89
1762940148861 0.182 90
1762940148891 0.18180000000000002 91
1762940148912 0.1816 92
1762940148936 0.1814 93
1762940148955 0.1812 94
1762940148976 0.18100000000000002 95
1762940148997 0.18080000000000002 96
1762940149026 0.1806 97
1762940149053 0.1804 98
1762940149074 0.1802 99
