1762938595774 0.9 1
1762938595809 0.9 1
1762938595917 0.8 0
1762938595933 0.801 1
1762938595944 0.802 2
1762938595953 0.803 3
1762938595963 0.804 4
1762938595976 0.805 5
1762938595976 0.806 6
1762938596000 0.807 7
1762938596010 0.808 8
1762938596022 0.809 9
1762938596031 0.81 10
1762938596044 0.811 11
1762938596054 0.812 12
1762938596070 0.8130000000000001 13
1762938596077 0.8140000000000001 14
1762938596088 0.8150000000000001 15
1762938596103 0.8160000000000001 16
1762938596113 0.8170000000000001 17
1762938596127 0.8180000000000001 18
1762938596135 0.8190000000000001 19
1762938596149 0.8200000000000001 20
1762938596151 0.8210000000000001 21
1762938596167 0.8220000000000001 22
1762938596179 0.8230000000000001 23
1762938596199 0.8240000000000001 24
1762938596199 0.8250000000000001 25
1762938596223 0.8260000000000001 26
1762938596230 0.8270000000000001 27
1762938596243 0.8280000000000001 28
1762938596252 0.8290000000000001 29
1762938596263 0.8300000000000001 30
1762938596274 0.8310000000000001 31
1762938596279 0.8320000000000001 32
1762938596298 0.8330000000000001 33
1762938596307 0.8340000000000001 34
1762938596311 0.8350000000000001 35
1762938596332 0.8360000000000001 36
1762938596347 0.8370000000000001 37
1762938596369 0.8380000000000001 38
1762938596382 0.8390000000000001 39
1762938596385 0.8400000000000001 40
1762938596402 0.8410000000000001 41
1762938596420 0.8420000000000001 42
1762938596433 0.8430000000000001 43
1762938596445 0.8440000000000001 44
1762938596455 0.8450000000000001 45
1762938596469 0.8460000000000001 46
1762938596483 0.8470000000000001 47
1762938596497 0.8480000000000001 48
1762938596513 0.8490000000000001 49
1762938596523 0.8500000000000001 50
1762938596531 0.8510000000000001 51
1762938596547 0.8520000000000001 52
1762938596560 0.8530000000000001 53
1762938596572 0.8540000000000001 54
1762938596576 0.8550000000000001 55
1762938596596 0.8560000000000001 56
1762938596605 0.8570000000000001 57
1762938596620 0.8580000000000001 58
1762938596629 0.8590000000000001 59
1762938596646 0.8600000000000001 60
1762938596652 0.861 61
1762938596668 0.8620000000000001 62
1762938596668 0.863 63
1762938596693 0.8640000000000001 64
1762938596701 0.865 65
1762938596717 0.8660000000000001 66
1762938596729 0.867 67
1762938596742 0.8680000000000001 68
1762938596758 0.869 69
1762938596763 0.8700000000000001 70
1762938596779 0.871 71
1762938596795 0.8720000000000001 72
1762938596806 0.873 73
1762938596815 0.874 74
1762938596831 0.875 75
1762938596838 0.876 76
1762938596855 0.877 77
1762938596861 0.878 78
1762938596877 0.879 79
1762938596888 0.88 80
1762938596901 0.881 81
1762938596913 0.882 82
1762938596918 0.883 83
1762938596935 0.884 84
1762938596945 0.885 85
1762938596952 0.886 86
1762938596966 0.887 87
1762938596982 0.888 88
1762938596994 0.889 89
1762938597006 0.89 90
1762938597014 0.891 91
1762938597025 0.892 92
1762938597040 0.893 93
1762938597046 0.894 94
1762938597062 0.895 95
1762938597078 0.896 96
1762938597089 0.897 97
1762938597099 0.898 98
1762938597113 0.899 99
