1762938595926 0.2 0
1762938595933 0.1998 1
1762938595949 0.1996 2
1762938595960 0.19940000000000002 3
1762938595963 0.19920000000000002 4
1762938595976 0.199 5
1762938595995 0.1988 6
1762938596006 0.1986 7
1762938596012 0.19840000000000002 8
1762938596026 0.19820000000000002 9
1762938596038 0.198 10
1762938596046 0.1978 11
1762938596062 0.1976 12
1762938596077 0.19740000000000002 13
1762938596086 0.19720000000000001 14
1762938596088 0.197 15
1762938596109 0.1968 16
1762938596120 0.1966 17
1762938596129 0.19640000000000002 18
1762938596135 0.1962 19
1762938596151 0.196 20
1762938596165 0.1958 21
1762938596171 0.19560000000000002 22
1762938596191 0.19540000000000002 23
1762938596199 0.1952 24
1762938596215 0.195 25
1762938596228 0.1948 26
1762938596230 0.19460000000000002 27
1762938596248 0.19440000000000002 28
1762938596258 0.1942 29
1762938596270 0.194 30
1762938596279 0.1938 31
1762938596293 0.19360000000000002 32
1762938596298 0.19340000000000002 33
1762938596311 0.1932 34
1762938596325 0.193 35
1762938596338 0.1928 36
1762938596362 0.19260000000000002 37
1762938596369 0.19240000000000002 38
1762938596385 0.1922 39
1762938596399 0.192 40
1762938596413 0.1918 41
1762938596425 0.19160000000000002 42
1762938596435 0.19140000000000001 43
1762938596450 0.1912 44
1762938596466 0.191 45
1762938596479 0.19080000000000003 46
1762938596494 0.19060000000000002 47
1762938596497 0.1904 48
1762938596514 0.1902 49
1762938596529 0.19 50
1762938596541 0.18980000000000002 51
1762938596547 0.18960000000000002 52
1762938596560 0.1894 53
1762938596576 0.1892 54
1762938596589 0.189 55
1762938596596 0.18880000000000002 56
1762938596605 0.18860000000000002 57
1762938596620 0.1884 58
1762938596636 0.1882 59
1762938596652 0.188 60
1762938596663 0.18780000000000002 61
1762938596668 0.18760000000000002 62
1762938596685 0.1874 63
1762938596700 0.1872 64
1762938596710 0.187 65
1762938596717 0.18680000000000002 66
1762938596735 0.18660000000000002 67
1762938596752 0.1864 68
1762938596763 0.1862 69
1762938596777 0.186 70
1762938596779 0.18580000000000002 71
1762938596797 0.18560000000000001 72
1762938596810 0.1854 73
1762938596826 0.1852 74
1762938596838 0.185 75
1762938596847 0.18480000000000002 76
1762938596861 0.18460000000000001 77
1762938596870 0.1844 78
1762938596880 0.1842 79
1762938596895 0.184 80
1762938596901 0.18380000000000002 81
1762938596918 0.1836 82
1762938596927 0.1834 83
1762938596936 0.1832 84
1762938596952 0.183 85
1762938596964 0.18280000000000002 86
1762938596966 0.1826 87
1762938596984 0.1824 88
1762938596999 0.1822 89
1762938597010 0.182 90
1762938597014 0.18180000000000002 91
1762938597032 0.1816 92
1762938597046 0.1814 93
1762938597060 0.1812 94
1762938597072 0.18100000000000002 95
1762938597078 0.18080000000000002 96
1762938597097 0.1806 97
1762938597103 0.1804 98
1762938597121 0.1802 99
