1762939047279 0.9 1
1762939047331 0.9 1
1762939047488 0.8 0
1762939047511 0.801 1
1762939047523 0.802 2
1762939047536 0.803 3
1762939047544 0.804 4
1762939047553 0.805 5
1762939047575 0.806 6
1762939047584 0.807 7
1762939047607 0.808 8
1762939047627 0.809 9
1762939047647 0.81 10
1762939047663 0.811 11
1762939047670 0.812 12
1762939047688 0.8130000000000001 13
1762939047702 0.8140000000000001 14
1762939047717 0.8150000000000001 15
1762939047733 0.8160000000000001 16
1762939047740 0.8170000000000001 17
1762939047757 0.8180000000000001 18
1762939047768 0.8190000000000001 19
1762939047780 0.8200000000000001 20
1762939047783 0.8210000000000001 21
1762939047798 0.8220000000000001 22
1762939047825 0.8230000000000001 23
1762939047847 0.8240000000000001 24
1762939047850 0.8250000000000001 25
1762939047870 0.8260000000000001 26
1762939047883 0.8270000000000001 27
1762939047896 0.8280000000000001 28
1762939047909 0.8290000000000001 29
1762939047917 0.8300000000000001 30
1762939047931 0.8310000000000001 31
1762939047945 0.8320000000000001 32
1762939047957 0.8330000000000001 33
1762939047972 0.8340000000000001 34
1762939047986 0.8350000000000001 35
1762939047998 0.8360000000000001 36
1762939048006 0.8370000000000001 37
1762939048022 0.8380000000000001 38
1762939048038 0.8390000000000001 39
1762939048049 0.8400000000000001 40
1762939048056 0.8410000000000001 41
1762939048071 0.8420000000000001 42
1762939048082 0.8430000000000001 43
1762939048098 0.8440000000000001 44
1762939048109 0.8450000000000001 45
1762939048120 0.8460000000000001 46
1762939048134 0.8470000000000001 47
1762939048149 0.8480000000000001 48
1762939048149 0.8490000000000001 49
1762939048173 0.8500000000000001 50
1762939048183 0.8510000000000001 51
1762939048200 0.8520000000000001 52
1762939048213 0.8530000000000001 53
1762939048225 0.8540000000000001 54
1762939048237 0.8550000000000001 55
1762939048250 0.8560000000000001 56
1762939048257 0.8570000000000001 57
1762939048273 0.8580000000000001 58
1762939048283 0.8590000000000001 59
1762939048299 0.8600000000000001 60
1762939048316 0.861 61
1762939048326 0.8620000000000001 62
1762939048341 0.863 63
1762939048355 0.8640000000000001 64
1762939048367 0.865 65
1762939048379 0.8660000000000001 66
1762939048392 0.867 67
1762939048400 0.8680000000000001 68
1762939048409 0.869 69
1762939048425 0.8700000000000001 70
1762939048448 0.871 71
1762939048466 0.8720000000000001 72
1762939048474 0.873 73
1762939048490 0.874 74
1762939048501 0.875 75
1762939048512 0.876 76
1762939048512 0.877 77
1762939048540 0.878 78
1762939048551 0.879 79
1762939048565 0.88 80
1762939048580 0.881 81
1762939048592 0.882 82
1762939048600 0.883 83
1762939048619 0.884 84
1762939048633 0.885 85
1762939048647 0.886 86
1762939048661 0.887 87
1762939048670 0.888 88
1762939048687 0.889 89
1762939048700 0.89 90
1762939048711 0.891 91
1762939048720 0.892 92
1762939048732 0.893 93
1762939048749 0.894 94
1762939048760 0.895 95
1762939048775 0.896 96
1762939048790 0.897 97
1762939048800 0.898 98
1762939048814 0.899 99
