1762939047504 0.2 0
1762939047516 0.1998 1
1762939047525 0.1996 2
1762939047542 0.19940000000000002 3
1762939047553 0.19920000000000002 4
1762939047569 0.199 5
1762939047580 0.1988 6
1762939047599 0.1986 7
1762939047617 0.19840000000000002 8
1762939047637 0.19820000000000002 9
1762939047652 0.198 10
1762939047670 0.1978 11
1762939047686 0.1976 12
1762939047700 0.19740000000000002 13
1762939047702 0.19720000000000001 14
1762939047721 0.197 15
1762939047733 0.1968 16
1762939047751 0.1966 17
1762939047760 0.19640000000000002 18
1762939047771 0.1962 19
1762939047783 0.196 20
1762939047798 0.1958 21
1762939047812 0.19560000000000002 22
1762939047837 0.19540000000000002 23
1762939047850 0.1952 24
1762939047865 0.195 25
1762939047881 0.1948 26
1762939047883 0.19460000000000002 27
1762939047902 0.19440000000000002 28
1762939047915 0.1942 29
1762939047925 0.194 30
1762939047931 0.1938 31
1762939047951 0.19360000000000002 32
1762939047967 0.19340000000000002 33
1762939047980 0.1932 34
1762939047990 0.193 35
1762939048004 0.1928 36
1762939048016 0.19260000000000002 37
1762939048022 0.19240000000000002 38
1762939048042 0.1922 39
1762939048053 0.192 40
1762939048067 0.1918 41
1762939048082 0.19160000000000002 42
1762939048089 0.19140000000000001 43
1762939048102 0.1912 44
1762939048118 0.191 45
1762939048129 0.19080000000000003 46
1762939048134 0.19060000000000002 47
1762939048149 0.1904 48
1762939048167 0.1902 49
1762939048180 0.19 50
1762939048193 0.18980000000000002 51
1762939048200 0.18960000000000002 52
1762939048217 0.1894 53
1762939048233 0.1892 54
1762939048243 0.189 55
1762939048252 0.18880000000000002 56
1762939048266 0.18860000000000002 57
1762939048273 0.1884 58
1762939048290 0.1882 59
1762939048308 0.188 60
1762939048324 0.18780000000000002 61
1762939048337 0.18760000000000002 62
1762939048349 0.1874 63
1762939048361 0.1872 64
1762939048370 0.187 65
1762939048386 0.18680000000000002 66
1762939048398 0.18660000000000002 67
1762939048409 0.1864 68
1762939048424 0.1862 69
1762939048433 0.186 70
1762939048458 0.18580000000000002 71
1762939048466 0.18560000000000001 72
1762939048483 0.1854 73
1762939048497 0.1852 74
1762939048507 0.185 75
1762939048512 0.18480000000000002 76
1762939048530 0.18460000000000001 77
1762939048545 0.1844 78
1762939048553 0.1842 79
1762939048569 0.184 80
1762939048580 0.18380000000000002 81
1762939048600 0.1836 82
1762939048612 0.1834 83
1762939048622 0.1832 84
1762939048635 0.183 85
1762939048649 0.18280000000000002 86
1762939048667 0.1826 87
1762939048681 0.1824 88
1762939048687 0.1822 89
1762939048700 0.182 90
1762939048717 0.18180000000000002 91
1762939048729 0.1816 92
1762939048743 0.1814 93
1762939048752 0.1812 94
1762939048767 0.18100000000000002 95
1762939048783 0.18080000000000002 96
1762939048797 0.1806 97
1762939048807 0.1804 98
1762939048820 0.1802 99
