1762940274569 0.9 1
1762940274621 0.9 1
1762940274806 0.8 0
1762940274829 0.801 1
1762940274850 0.802 2
1762940274872 0.803 3
1762940274886 0.804 4
1762940274902 0.805 5
1762940274926 0.806 6
1762940274944 0.807 7
1762940274961 0.808 8
1762940274982 0.809 9
1762940274998 0.81 10
1762940275018 0.811 11
1762940275029 0.812 12
1762940275048 0.8130000000000001 13
1762940275072 0.8140000000000001 14
1762940275093 0.8150000000000001 15
1762940275108 0.8160000000000001 16
1762940275130 0.8170000000000001 17
1762940275144 0.8180000000000001 18
1762940275169 0.8190000000000001 19
1762940275187 0.8200000000000001 20
1762940275210 0.8210000000000001 21
1762940275227 0.8220000000000001 22
1762940275241 0.8230000000000001 23
1762940275279 0.8240000000000001 24
1762940275299 0.8250000000000001 25
1762940275321 0.8260000000000001 26
1762940275345 0.8270000000000001 27
1762940275362 0.8280000000000001 28
1762940275385 0.8290000000000001 29
1762940275406 0.8300000000000001 30
1762940275427 0.8310000000000001 31
1762940275448 0.8320000000000001 32
1762940275485 0.8330000000000001 33
1762940275511 0.8340000000000001 34
1762940275533 0.8350000000000001 35
1762940275563 0.8360000000000001 36
1762940275590 0.8370000000000001 37
1762940275612 0.8380000000000001 38
1762940275630 0.8390000000000001 39
1762940275657 0.8400000000000001 40
1762940275677 0.8410000000000001 41
1762940275698 0.8420000000000001 42
1762940275722 0.8430000000000001 43
1762940275741 0.8440000000000001 44
1762940275764 0.8450000000000001 45
1762940275787 0.8460000000000001 46
1762940275808 0.8470000000000001 47
1762940275829 0.8480000000000001 48
1762940275849 0.8490000000000001 49
1762940275874 0.8500000000000001 50
1762940275894 0.8510000000000001 51
1762940275911 0.8520000000000001 52
1762940275931 0.8530000000000001 53
1762940275954 0.8540000000000001 54
1762940275975 0.8550000000000001 55
1762940275994 0.8560000000000001 56
1762940276012 0.8570000000000001 57
1762940276033 0.8580000000000001 58
1762940276052 0.8590000000000001 59
1762940276073 0.8600000000000001 60
1762940276092 0.861 61
1762940276112 0.8620000000000001 62
1762940276132 0.863 63
1762940276151 0.8640000000000001 64
1762940276173 0.865 65
1762940276190 0.8660000000000001 66
1762940276211 0.867 67
1762940276238 0.8680000000000001 68
1762940276256 0.869 69
1762940276276 0.8700000000000001 70
1762940276296 0.871 71
1762940276314 0.8720000000000001 72
1762940276337 0.873 73
1762940276356 0.874 74
1762940276377 0.875 75
1762940276406 0.876 76
1762940276432 0.877 77
1762940276456 0.878 78
1762940276479 0.879 79
1762940276503 0.88 80
1762940276526 0.881 81
1762940276550 0.882 82
1762940276573 0.883 83
1762940276597 0.884 84
1762940276615 0.885 85
1762940276642 0.886 86
1762940276667 0.887 87
1762940276693 0.888 88
1762940276722 0.889 89
1762940276748 0.89 90
1762940276774 0.891 91
1762940276797 0.892 92
1762940276824 0.893 93
1762940276843 0.894 94
1762940276869 0.895 95
1762940276892 0.896 96
1762940276911 0.897 97
1762940276933 0.898 98
1762940276953 0.899 99
