1762940274819 0.2 0
1762940274840 0.1998 1
1762940274857 0.1996 2
1762940274879 0.19940000000000002 3
1762940274897 0.19920000000000002 4
1762940274918 0.199 5
1762940274936 0.1988 6
1762940274950 0.1986 7
1762940274970 0.19840000000000002 8
1762940274982 0.19820000000000002 9
1762940275007 0.198 10
1762940275025 0.1978 11
1762940275045 0.1976 12
1762940275063 0.19740000000000002 13
1762940275081 0.19720000000000001 14
1762940275099 0.197 15
1762940275120 0.1968 16
1762940275140 0.1966 17
1762940275160 0.19640000000000002 18
1762940275179 0.1962 19
1762940275198 0.196 20
1762940275218 0.1958 21
1762940275239 0.19560000000000002 22
1762940275267 0.19540000000000002 23
1762940275289 0.1952 24
1762940275309 0.195 25
1762940275332 0.1948 26
1762940275356 0.19460000000000002 27
1762940275376 0.19440000000000002 28
1762940275394 0.1942 29
1762940275415 0.194 30
1762940275441 0.1938 31
1762940275465 0.19360000000000002 32
1762940275496 0.19340000000000002 33
1762940275518 0.1932 34
1762940275552 0.193 35
1762940275575 0.1928 36
1762940275604 0.19260000000000002 37
1762940275624 0.19240000000000002 38
1762940275646 0.1922 39
1762940275667 0.192 40
1762940275688 0.1918 41
1762940275708 0.19160000000000002 42
1762940275730 0.19140000000000001 43
1762940275754 0.1912 44
1762940275776 0.191 45
1762940275794 0.19080000000000003 46
1762940275819 0.19060000000000002 47
1762940275842 0.1904 48
1762940275862 0.1902 49
1762940275884 0.19 50
1762940275902 0.18980000000000002 51
1762940275920 0.18960000000000002 52
1762940275944 0.1894 53
1762940275965 0.1892 54
1762940275982 0.189 55
1762940276002 0.18880000000000002 56
1762940276017 0.18860000000000002 57
1762940276043 0.1884 58
1762940276063 0.1882 59
1762940276084 0.188 60
1762940276103 0.18780000000000002 61
1762940276120 0.18760000000000002 62
1762940276142 0.1874 63
1762940276161 0.1872 64
1762940276179 0.187 65
1762940276204 0.18680000000000002 66
1762940276227 0.18660000000000002 67
1762940276243 0.1864 68
1762940276267 0.1862 69
1762940276287 0.186 70
1762940276308 0.18580000000000002 71
1762940276327 0.18560000000000001 72
1762940276348 0.1854 73
1762940276362 0.1852 74
1762940276391 0.185 75
1762940276419 0.18480000000000002 76
1762940276444 0.18460000000000001 77
1762940276467 0.1844 78
1762940276490 0.1842 79
1762940276515 0.184 80
1762940276540 0.18380000000000002 81
1762940276562 0.1836 82
1762940276582 0.1834 83
1762940276607 0.1832 84
1762940276628 0.183 85
1762940276657 0.18280000000000002 86
1762940276681 0.1826 87
1762940276708 0.1824 88
1762940276736 0.1822 89
1762940276762 0.182 90
1762940276783 0.18180000000000002 91
1762940276809 0.1816 92
1762940276836 0.1814 93
1762940276860 0.1812 94
1762940276882 0.18100000000000002 95
1762940276902 0.18080000000000002 96
1762940276924 0.1806 97
1762940276944 0.1804 98
1762940276962 0.1802 99
