1762939748689 0.9 1
1762939748724 0.9 1
1762939748840 0.8 0
1762939748854 0.801 1
1762939748871 0.802 2
1762939748882 0.803 3
1762939748893 0.804 4
1762939748905 0.805 5
1762939748920 0.806 6
1762939748929 0.807 7
1762939748939 0.808 8
1762939748954 0.809 9
1762939748969 0.81 10
1762939748979 0.811 11
1762939748994 0.812 12
1762939749007 0.8130000000000001 13
1762939749018 0.8140000000000001 14
1762939749037 0.8150000000000001 15
1762939749052 0.8160000000000001 16
1762939749066 0.8170000000000001 17
1762939749082 0.8180000000000001 18
1762939749095 0.8190000000000001 19
1762939749107 0.8200000000000001 20
1762939749121 0.8210000000000001 21
1762939749128 0.8220000000000001 22
1762939749146 0.8230000000000001 23
1762939749162 0.8240000000000001 24
1762939749170 0.8250000000000001 25
1762939749189 0.8260000000000001 26
1762939749198 0.8270000000000001 27
1762939749209 0.8280000000000001 28
1762939749226 0.8290000000000001 29
1762939749237 0.8300000000000001 30
1762939749242 0.8310000000000001 31
1762939749264 0.8320000000000001 32
1762939749273 0.8330000000000001 33
1762939749288 0.8340000000000001 34
1762939749300 0.8350000000000001 35
1762939749312 0.8360000000000001 36
1762939749322 0.8370000000000001 37
1762939749338 0.8380000000000001 38
1762939749349 0.8390000000000001 39
1762939749353 0.8400000000000001 40
1762939749373 0.8410000000000001 41
1762939749383 0.8420000000000001 42
1762939749395 0.8430000000000001 43
1762939749404 0.8440000000000001 44
1762939749421 0.8450000000000001 45
1762939749436 0.8460000000000001 46
1762939749446 0.8470000000000001 47
1762939749459 0.8480000000000001 48
1762939749471 0.8490000000000001 49
1762939749481 0.8500000000000001 50
1762939749494 0.8510000000000001 51
1762939749506 0.8520000000000001 52
1762939749520 0.8530000000000001 53
1762939749538 0.8540000000000001 54
1762939749550 0.8550000000000001 55
1762939749564 0.8560000000000001 56
1762939749575 0.8570000000000001 57
1762939749588 0.8580000000000001 58
1762939749602 0.8590000000000001 59
1762939749615 0.8600000000000001 60
1762939749629 0.861 61
1762939749642 0.8620000000000001 62
1762939749653 0.863 63
1762939749671 0.8640000000000001 64
1762939749684 0.865 65
1762939749698 0.8660000000000001 66
1762939749712 0.867 67
1762939749723 0.8680000000000001 68
1762939749747 0.869 69
1762939749764 0.8700000000000001 70
1762939749779 0.871 71
1762939749790 0.8720000000000001 72
1762939749807 0.873 73
1762939749826 0.874 74
1762939749840 0.875 75
1762939749853 0.876 76
1762939749870 0.877 77
1762939749887 0.878 78
1762939749900 0.879 79
1762939749911 0.88 80
1762939749927 0.881 81
1762939749945 0.882 82
1762939749959 0.883 83
1762939749970 0.884 84
1762939749987 0.885 85
1762939750005 0.886 86
1762939750026 0.887 87
1762939750044 0.888 88
1762939750063 0.889 89
1762939750080 0.89 90
1762939750091 0.891 91
1762939750108 0.892 92
1762939750126 0.893 93
1762939750141 0.894 94
1762939750156 0.895 95
1762939750173 0.896 96
1762939750186 0.897 97
1762939750203 0.898 98
1762939750216 0.899 99
