1762939748840 0.2 0
1762939748861 0.1998 1
1762939748874 0.1996 2
1762939748888 0.19940000000000002 3
1762939748900 0.19920000000000002 4
1762939748910 0.199 5
1762939748922 0.1988 6
1762939748936 0.1986 7
1762939748949 0.19840000000000002 8
1762939748960 0.19820000000000002 9
1762939748969 0.198 10
1762939748987 0.1978 11
1762939748998 0.1976 12
1762939749012 0.19740000000000002 13
1762939749029 0.19720000000000001 14
1762939749044 0.197 15
1762939749060 0.1968 16
1762939749070 0.1966 17
1762939749084 0.19640000000000002 18
1762939749103 0.1962 19
1762939749114 0.196 20
1762939749128 0.1958 21
1762939749139 0.19560000000000002 22
1762939749155 0.19540000000000002 23
1762939749166 0.1952 24
1762939749180 0.195 25
1762939749192 0.1948 26
1762939749206 0.19460000000000002 27
1762939749216 0.19440000000000002 28
1762939749230 0.1942 29
1762939749242 0.194 30
1762939749257 0.1938 31
1762939749270 0.19360000000000002 32
1762939749281 0.19340000000000002 33
1762939749292 0.1932 34
1762939749306 0.193 35
1762939749319 0.1928 36
1762939749331 0.19260000000000002 37
1762939749342 0.19240000000000002 38
1762939749353 0.1922 39
1762939749365 0.192 40
1762939749379 0.1918 41
1762939749392 0.19160000000000002 42
1762939749404 0.19140000000000001 43
1762939749411 0.1912 44
1762939749427 0.191 45
1762939749442 0.19080000000000003 46
1762939749451 0.19060000000000002 47
1762939749459 0.1904 48
1762939749474 0.1902 49
1762939749490 0.19 50
1762939749499 0.18980000000000002 51
1762939749513 0.18960000000000002 52
1762939749529 0.1894 53
1762939749538 0.1892 54
1762939749558 0.189 55
1762939749571 0.18880000000000002 56
1762939749582 0.18860000000000002 57
1762939749595 0.1884 58
1762939749604 0.1882 59
1762939749621 0.188 60
1762939749635 0.18780000000000002 61
1762939749647 0.18760000000000002 62
1762939749663 0.1874 63
1762939749676 0.1872 64
1762939749692 0.187 65
1762939749705 0.18680000000000002 66
1762939749720 0.18660000000000002 67
1762939749741 0.1864 68
1762939749757 0.1862 69
1762939749773 0.186 70
1762939749790 0.18580000000000002 71
1762939749804 0.18560000000000001 72
1762939749818 0.1854 73
1762939749833 0.1852 74
1762939749850 0.185 75
1762939749864 0.18480000000000002 76
1762939749870 0.18460000000000001 77
1762939749894 0.1844 78
1762939749905 0.1842 79
1762939749918 0.184 80
1762939749937 0.18380000000000002 81
1762939749952 0.1836 82
1762939749965 0.1834 83
1762939749980 0.1832 84
1762939749994 0.183 85
1762939750015 0.18280000000000002 86
1762939750037 0.1826 87
1762939750054 0.1824 88
1762939750072 0.1822 89
1762939750088 0.182 90
1762939750105 0.18180000000000002 91
1762939750120 0.1816 92
1762939750136 0.1814 93
1762939750149 0.1812 94
1762939750164 0.18100000000000002 95
1762939750179 0.18080000000000002 96
1762939750186 0.1806 97
1762939750209 0.1804 98
1762939750224 0.1802 99
