1762940001186 0.9 1
1762940001231 0.9 1
1762940001394 0.8 0
1762940001415 0.801 1
1762940001441 0.802 2
1762940001456 0.803 3
1762940001473 0.804 4
1762940001488 0.805 5
1762940001516 0.806 6
1762940001534 0.807 7
1762940001548 0.808 8
1762940001573 0.809 9
1762940001595 0.81 10
1762940001614 0.811 11
1762940001632 0.812 12
1762940001653 0.8130000000000001 13
1762940001674 0.8140000000000001 14
1762940001692 0.8150000000000001 15
1762940001715 0.8160000000000001 16
1762940001733 0.8170000000000001 17
1762940001751 0.8180000000000001 18
1762940001772 0.8190000000000001 19
1762940001792 0.8200000000000001 20
1762940001809 0.8210000000000001 21
1762940001833 0.8220000000000001 22
1762940001849 0.8230000000000001 23
1762940001874 0.8240000000000001 24
1762940001897 0.8250000000000001 25
1762940001913 0.8260000000000001 26
1762940001938 0.8270000000000001 27
1762940001955 0.8280000000000001 28
1762940001978 0.8290000000000001 29
1762940001993 0.8300000000000001 30
1762940002008 0.8310000000000001 31
1762940002026 0.8320000000000001 32
1762940002056 0.8330000000000001 33
1762940002075 0.8340000000000001 34
1762940002093 0.8350000000000001 35
1762940002114 0.8360000000000001 36
1762940002132 0.8370000000000001 37
1762940002155 0.8380000000000001 38
1762940002177 0.8390000000000001 39
1762940002198 0.8400000000000001 40
1762940002208 0.8410000000000001 41
1762940002223 0.8420000000000001 42
1762940002254 0.8430000000000001 43
1762940002273 0.8440000000000001 44
1762940002290 0.8450000000000001 45
1762940002309 0.8460000000000001 46
1762940002323 0.8470000000000001 47
1762940002350 0.8480000000000001 48
1762940002366 0.8490000000000001 49
1762940002393 0.8500000000000001 50
1762940002419 0.8510000000000001 51
1762940002443 0.8520000000000001 52
1762940002470 0.8530000000000001 53
1762940002491 0.8540000000000001 54
1762940002506 0.8550000000000001 55
1762940002538 0.8560000000000001 56
1762940002561 0.8570000000000001 57
1762940002583 0.8580000000000001 58
1762940002607 0.8590000000000001 59
1762940002630 0.8600000000000001 60
1762940002651 0.861 61
1762940002673 0.8620000000000001 62
1762940002695 0.863 63
1762940002710 0.8640000000000001 64
1762940002738 0.865 65
1762940002757 0.8660000000000001 66
1762940002787 0.867 67
1762940002805 0.8680000000000001 68
1762940002834 0.869 69
1762940002840 0.8700000000000001 70
1762940002871 0.871 71
1762940002887 0.8720000000000001 72
1762940002913 0.873 73
1762940002954 0.874 74
1762940002978 0.875 75
1762940002999 0.876 76
1762940003016 0.877 77
1762940003039 0.878 78
1762940003060 0.879 79
1762940003076 0.88 80
1762940003092 0.881 81
1762940003116 0.882 82
1762940003129 0.883 83
1762940003159 0.884 84
1762940003175 0.885 85
1762940003193 0.886 86
1762940003211 0.887 87
1762940003239 0.888 88
1762940003255 0.889 89
1762940003273 0.89 90
1762940003295 0.891 91
1762940003306 0.892 92
1762940003335 0.893 93
1762940003355 0.894 94
1762940003376 0.895 95
1762940003392 0.896 96
1762940003416 0.897 97
1762940003438 0.898 98
1762940003456 0.899 99
