1762940001408 0.2 0
1762940001423 0.1998 1
1762940001443 0.1996 2
1762940001468 0.19940000000000002 3
1762940001488 0.19920000000000002 4
1762940001509 0.199 5
1762940001523 0.1988 6
1762940001540 0.1986 7
1762940001563 0.19840000000000002 8
1762940001580 0.19820000000000002 9
1762940001604 0.198 10
1762940001624 0.1978 11
1762940001639 0.1976 12
1762940001659 0.19740000000000002 13
1762940001683 0.19720000000000001 14
1762940001705 0.197 15
1762940001723 0.1968 16
1762940001742 0.1966 17
1762940001755 0.19640000000000002 18
1762940001785 0.1962 19
1762940001805 0.196 20
1762940001823 0.1958 21
1762940001840 0.19560000000000002 22
1762940001864 0.19540000000000002 23
1762940001885 0.1952 24
1762940001897 0.195 25
1762940001921 0.1948 26
1762940001948 0.19460000000000002 27
1762940001960 0.19440000000000002 28
1762940001988 0.1942 29
1762940002008 0.194 30
1762940002026 0.1938 31
1762940002042 0.19360000000000002 32
1762940002060 0.19340000000000002 33
1762940002077 0.1932 34
1762940002104 0.193 35
1762940002122 0.1928 36
1762940002145 0.19260000000000002 37
1762940002159 0.19240000000000002 38
1762940002184 0.1922 39
1762940002208 0.192 40
1762940002223 0.1918 41
1762940002240 0.19160000000000002 42
1762940002256 0.19140000000000001 43
1762940002275 0.1912 44
1762940002302 0.191 45
1762940002318 0.19080000000000003 46
1762940002338 0.19060000000000002 47
1762940002358 0.1904 48
1762940002375 0.1902 49
1762940002407 0.19 50
1762940002432 0.18980000000000002 51
1762940002454 0.18960000000000002 52
1762940002482 0.1894 53
1762940002506 0.1892 54
1762940002520 0.189 55
1762940002550 0.18880000000000002 56
1762940002569 0.18860000000000002 57
1762940002598 0.1884 58
1762940002615 0.1882 59
1762940002641 0.188 60
1762940002663 0.18780000000000002 61
1762940002684 0.18760000000000002 62
1762940002704 0.1874 63
1762940002730 0.1872 64
1762940002741 0.187 65
1762940002773 0.18680000000000002 66
1762940002798 0.18660000000000002 67
1762940002821 0.1864 68
1762940002840 0.1862 69
1762940002855 0.186 70
1762940002875 0.18580000000000002 71
1762940002904 0.18560000000000001 72
1762940002940 0.1854 73
1762940002966 0.1852 74
1762940002989 0.185 75
1762940003010 0.18480000000000002 76
1762940003029 0.18460000000000001 77
1762940003045 0.1844 78
1762940003060 0.1842 79
1762940003076 0.184 80
1762940003106 0.18380000000000002 81
1762940003129 0.1836 82
1762940003144 0.1834 83
1762940003168 0.1832 84
1762940003191 0.183 85
1762940003209 0.18280000000000002 86
1762940003225 0.1826 87
1762940003241 0.1824 88
1762940003255 0.1822 89
1762940003287 0.182 90
1762940003306 0.18180000000000002 91
1762940003323 0.1816 92
1762940003340 0.1814 93
1762940003355 0.1812 94
1762940003385 0.18100000000000002 95
1762940003400 0.18080000000000002 96
1762940003427 0.1806 97
1762940003440 0.1804 98
1762940003458 0.1802 99
