1762939972658 0.9 1
1762939972707 0.9 1
1762939972876 0.8 0
1762939972901 0.801 1
1762939972921 0.802 2
1762939972942 0.803 3
1762939972958 0.804 4
1762939972980 0.805 5
1762939972999 0.806 6
1762939973021 0.807 7
1762939973042 0.808 8
1762939973062 0.809 9
1762939973078 0.81 10
1762939973095 0.811 11
1762939973112 0.812 12
1762939973142 0.8130000000000001 13
1762939973159 0.8140000000000001 14
1762939973175 0.8150000000000001 15
1762939973198 0.8160000000000001 16
1762939973213 0.8170000000000001 17
1762939973230 0.8180000000000001 18
1762939973258 0.8190000000000001 19
1762939973275 0.8200000000000001 20
1762939973291 0.8210000000000001 21
1762939973308 0.8220000000000001 22
1762939973328 0.8230000000000001 23
1762939973353 0.8240000000000001 24
1762939973372 0.8250000000000001 25
1762939973395 0.8260000000000001 26
1762939973423 0.8270000000000001 27
1762939973445 0.8280000000000001 28
1762939973464 0.8290000000000001 29
1762939973481 0.8300000000000001 30
1762939973507 0.8310000000000001 31
1762939973523 0.8320000000000001 32
1762939973546 0.8330000000000001 33
1762939973559 0.8340000000000001 34
1762939973578 0.8350000000000001 35
1762939973602 0.8360000000000001 36
1762939973625 0.8370000000000001 37
1762939973642 0.8380000000000001 38
1762939973656 0.8390000000000001 39
1762939973684 0.8400000000000001 40
1762939973706 0.8410000000000001 41
1762939973723 0.8420000000000001 42
1762939973740 0.8430000000000001 43
1762939973756 0.8440000000000001 44
1762939973782 0.8450000000000001 45
1762939973802 0.8460000000000001 46
1762939973823 0.8470000000000001 47
1762939973838 0.8480000000000001 48
1762939973859 0.8490000000000001 49
1762939973882 0.8500000000000001 50
1762939973901 0.8510000000000001 51
1762939973914 0.8520000000000001 52
1762939973938 0.8530000000000001 53
1762939973960 0.8540000000000001 54
1762939973976 0.8550000000000001 55
1762939973998 0.8560000000000001 56
1762939974008 0.8570000000000001 57
1762939974026 0.8580000000000001 58
1762939974056 0.8590000000000001 59
1762939974078 0.8600000000000001 60
1762939974087 0.861 61
1762939974113 0.8620000000000001 62
1762939974139 0.863 63
1762939974153 0.8640000000000001 64
1762939974180 0.865 65
1762939974197 0.8660000000000001 66
1762939974209 0.867 67
1762939974240 0.8680000000000001 68
1762939974267 0.869 69
1762939974286 0.8700000000000001 70
1762939974305 0.871 71
1762939974325 0.8720000000000001 72
1762939974338 0.873 73
1762939974367 0.874 74
1762939974388 0.875 75
1762939974409 0.876 76
1762939974425 0.877 77
1762939974442 0.878 78
1762939974460 0.879 79
1762939974490 0.88 80
1762939974508 0.881 81
1762939974531 0.882 82
1762939974552 0.883 83
1762939974575 0.884 84
1762939974595 0.885 85
1762939974617 0.886 86
1762939974641 0.887 87
1762939974664 0.888 88
1762939974688 0.889 89
1762939974713 0.89 90
1762939974728 0.891 91
1762939974758 0.892 92
1762939974783 0.893 93
1762939974809 0.894 94
1762939974829 0.895 95
1762939974850 0.896 96
1762939974871 0.897 97
1762939974887 0.898 98
1762939974915 0.899 99
