1762939972887 0.2 0
1762939972914 0.1998 1
1762939972925 0.1996 2
1762939972951 0.19940000000000002 3
1762939972967 0.19920000000000002 4
1762939972990 0.199 5
1762939973008 0.1988 6
1762939973032 0.1986 7
1762939973049 0.19840000000000002 8
1762939973074 0.19820000000000002 9
1762939973090 0.198 10
1762939973110 0.1978 11
1762939973132 0.1976 12
1762939973145 0.19740000000000002 13
1762939973164 0.19720000000000001 14
1762939973189 0.197 15
1762939973206 0.1968 16
1762939973227 0.1966 17
1762939973244 0.19640000000000002 18
1762939973261 0.1962 19
1762939973275 0.196 20
1762939973291 0.1958 21
1762939973324 0.19560000000000002 22
1762939973339 0.19540000000000002 23
1762939973355 0.1952 24
1762939973372 0.195 25
1762939973405 0.1948 26
1762939973435 0.19460000000000002 27
1762939973457 0.19440000000000002 28
1762939973473 0.1942 29
1762939973493 0.194 30
1762939973514 0.1938 31
1762939973537 0.19360000000000002 32
1762939973557 0.19340000000000002 33
1762939973576 0.1932 34
1762939973586 0.193 35
1762939973602 0.1928 36
1762939973625 0.19260000000000002 37
1762939973651 0.19240000000000002 38
1762939973675 0.1922 39
1762939973690 0.192 40
1762939973708 0.1918 41
1762939973727 0.19160000000000002 42
1762939973753 0.19140000000000001 43
1762939973774 0.1912 44
1762939973789 0.191 45
1762939973809 0.19080000000000003 46
1762939973832 0.19060000000000002 47
1762939973848 0.1904 48
1762939973870 0.1902 49
1762939973893 0.19 50
1762939973912 0.18980000000000002 51
1762939973930 0.18960000000000002 52
1762939973944 0.1894 53
1762939973960 0.1892 54
1762939973988 0.189 55
1762939974008 0.18880000000000002 56
1762939974026 0.18860000000000002 57
1762939974043 0.1884 58
1762939974068 0.1882 59
1762939974087 0.188 60
1762939974107 0.18780000000000002 61
1762939974126 0.18760000000000002 62
1762939974151 0.1874 63
1762939974170 0.1872 64
1762939974192 0.187 65
1762939974209 0.18680000000000002 66
1762939974225 0.18660000000000002 67
1762939974254 0.1864 68
1762939974277 0.1862 69
1762939974292 0.186 70
1762939974309 0.18580000000000002 71
1762939974334 0.18560000000000001 72
1762939974354 0.1854 73
1762939974367 0.1852 74
1762939974398 0.185 75
1762939974409 0.18480000000000002 76
1762939974440 0.18460000000000001 77
1762939974458 0.1844 78
1762939974478 0.1842 79
1762939974500 0.184 80
1762939974516 0.18380000000000002 81
1762939974541 0.1836 82
1762939974563 0.1834 83
1762939974580 0.1832 84
1762939974606 0.183 85
1762939974627 0.18280000000000002 86
1762939974653 0.1826 87
1762939974674 0.1824 88
1762939974697 0.1822 89
1762939974722 0.182 90
1762939974748 0.18180000000000002 91
1762939974771 0.1816 92
1762939974796 0.1814 93
1762939974817 0.1812 94
1762939974840 0.18100000000000002 95
1762939974859 0.18080000000000002 96
1762939974878 0.1806 97
1762939974903 0.1804 98
1762939974927 0.1802 99
