1762939091578 0.9 1
1762939091602 0.9 1
1762939091722 0.8 0
1762939091736 0.801 1
1762939091750 0.802 2
1762939091750 0.803 3
1762939091770 0.804 4
1762939091786 0.805 5
1762939091797 0.806 6
1762939091805 0.807 7
1762939091817 0.808 8
1762939091833 0.809 9
1762939091835 0.81 10
1762939091852 0.811 11
1762939091865 0.812 12
1762939091865 0.8130000000000001 13
1762939091895 0.8140000000000001 14
1762939091911 0.8150000000000001 15
1762939091914 0.8160000000000001 16
1762939091935 0.8170000000000001 17
1762939091951 0.8180000000000001 18
1762939091967 0.8190000000000001 19
1762939091981 0.8200000000000001 20
1762939091981 0.8210000000000001 21
1762939092002 0.8220000000000001 22
1762939092017 0.8230000000000001 23
1762939092031 0.8240000000000001 24
1762939092044 0.8250000000000001 25
1762939092059 0.8260000000000001 26
1762939092064 0.8270000000000001 27
1762939092083 0.8280000000000001 28
1762939092091 0.8290000000000001 29
1762939092107 0.8300000000000001 30
1762939092114 0.8310000000000001 31
1762939092134 0.8320000000000001 32
1762939092139 0.8330000000000001 33
1762939092159 0.8340000000000001 34
1762939092172 0.8350000000000001 35
1762939092183 0.8360000000000001 36
1762939092194 0.8370000000000001 37
1762939092204 0.8380000000000001 38
1762939092220 0.8390000000000001 39
1762939092222 0.8400000000000001 40
1762939092236 0.8410000000000001 41
1762939092253 0.8420000000000001 42
1762939092268 0.8430000000000001 43
1762939092286 0.8440000000000001 44
1762939092298 0.8450000000000001 45
1762939092310 0.8460000000000001 46
1762939092316 0.8470000000000001 47
1762939092334 0.8480000000000001 48
1762939092344 0.8490000000000001 49
1762939092360 0.8500000000000001 50
1762939092373 0.8510000000000001 51
1762939092383 0.8520000000000001 52
1762939092400 0.8530000000000001 53
1762939092416 0.8540000000000001 54
1762939092425 0.8550000000000001 55
1762939092439 0.8560000000000001 56
1762939092454 0.8570000000000001 57
1762939092467 0.8580000000000001 58
1762939092481 0.8590000000000001 59
1762939092488 0.8600000000000001 60
1762939092504 0.861 61
1762939092517 0.8620000000000001 62
1762939092530 0.863 63
1762939092544 0.8640000000000001 64
1762939092556 0.865 65
1762939092570 0.8660000000000001 66
1762939092583 0.867 67
1762939092595 0.8680000000000001 68
1762939092607 0.869 69
1762939092616 0.8700000000000001 70
1762939092636 0.871 71
1762939092650 0.8720000000000001 72
1762939092662 0.873 73
1762939092674 0.874 74
1762939092688 0.875 75
1762939092690 0.876 76
1762939092703 0.877 77
1762939092719 0.878 78
1762939092736 0.879 79
1762939092736 0.88 80
1762939092751 0.881 81
1762939092771 0.882 82
1762939092779 0.883 83
1762939092795 0.884 84
1762939092801 0.885 85
1762939092816 0.886 86
1762939092832 0.887 87
1762939092842 0.888 88
1762939092857 0.889 89
1762939092868 0.89 90
1762939092883 0.891 91
1762939092894 0.892 92
1762939092908 0.893 93
1762939092917 0.894 94
1762939092932 0.895 95
1762939092945 0.896 96
1762939092957 0.897 97
1762939092967 0.898 98
1762939092983 0.899 99
