1762939091728 0.2 0
1762939091736 0.1998 1
1762939091750 0.1996 2
1762939091768 0.19940000000000002 3
1762939091770 0.19920000000000002 4
1762939091786 0.199 5
1762939091804 0.1988 6
1762939091815 0.1986 7
1762939091817 0.19840000000000002 8
1762939091835 0.19820000000000002 9
1762939091851 0.198 10
1762939091852 0.1978 11
1762939091865 0.1976 12
1762939091886 0.19740000000000002 13
1762939091904 0.19720000000000001 14
1762939091914 0.197 15
1762939091933 0.1968 16
1762939091947 0.1966 17
1762939091960 0.19640000000000002 18
1762939091970 0.1962 19
1762939091981 0.196 20
1762939092000 0.1958 21
1762939092011 0.19560000000000002 22
1762939092027 0.19540000000000002 23
1762939092031 0.1952 24
1762939092051 0.195 25
1762939092064 0.1948 26
1762939092077 0.19460000000000002 27
1762939092083 0.19440000000000002 28
1762939092091 0.1942 29
1762939092108 0.194 30
1762939092125 0.1938 31
1762939092139 0.19360000000000002 32
1762939092139 0.19340000000000002 33
1762939092165 0.1932 34
1762939092172 0.193 35
1762939092188 0.1928 36
1762939092200 0.19260000000000002 37
1762939092214 0.19240000000000002 38
1762939092222 0.1922 39
1762939092236 0.192 40
1762939092253 0.1918 41
1762939092265 0.19160000000000002 42
1762939092279 0.19140000000000001 43
1762939092290 0.1912 44
1762939092300 0.191 45
1762939092316 0.19080000000000003 46
1762939092329 0.19060000000000002 47
1762939092342 0.1904 48
1762939092354 0.1902 49
1762939092367 0.19 50
1762939092379 0.18980000000000002 51
1762939092390 0.18960000000000002 52
1762939092408 0.1894 53
1762939092422 0.1892 54
1762939092425 0.189 55
1762939092449 0.18880000000000002 56
1762939092456 0.18860000000000002 57
1762939092473 0.1884 58
1762939092485 0.1882 59
1762939092499 0.188 60
1762939092510 0.18780000000000002 61
1762939092519 0.18760000000000002 62
1762939092536 0.1874 63
1762939092550 0.1872 64
1762939092564 0.187 65
1762939092576 0.18680000000000002 66
1762939092589 0.18660000000000002 67
1762939092601 0.1864 68
1762939092614 0.1862 69
1762939092629 0.186 70
1762939092639 0.18580000000000002 71
1762939092656 0.18560000000000001 72
1762939092668 0.1854 73
1762939092681 0.1852 74
1762939092690 0.185 75
1762939092703 0.18480000000000002 76
1762939092717 0.18460000000000001 77
1762939092727 0.1844 78
1762939092736 0.1842 79
1762939092751 0.184 80
1762939092763 0.18380000000000002 81
1762939092771 0.1836 82
1762939092779 0.1834 83
1762939092801 0.1832 84
1762939092814 0.183 85
1762939092816 0.18280000000000002 86
1762939092838 0.1826 87
1762939092850 0.1824 88
1762939092860 0.1822 89
1762939092876 0.182 90
1762939092887 0.18180000000000002 91
1762939092899 0.1816 92
1762939092908 0.1814 93
1762939092924 0.1812 94
1762939092939 0.18100000000000002 95
1762939092951 0.18080000000000002 96
1762939092963 0.1806 97
1762939092967 0.1804 98
1762939092989 0.1802 99
