1762940112986 0.9 1
1762940113026 0.9 1
1762940113218 0.8 0
1762940113240 0.801 1
1762940113259 0.802 2
1762940113278 0.803 3
1762940113295 0.804 4
1762940113312 0.805 5
1762940113338 0.806 6
1762940113356 0.807 7
1762940113379 0.808 8
1762940113398 0.809 9
1762940113423 0.81 10
1762940113443 0.811 11
1762940113459 0.812 12
1762940113475 0.8130000000000001 13
1762940113498 0.8140000000000001 14
1762940113509 0.8150000000000001 15
1762940113522 0.8160000000000001 16
1762940113538 0.8170000000000001 17
1762940113572 0.8180000000000001 18
1762940113592 0.8190000000000001 19
1762940113611 0.8200000000000001 20
1762940113630 0.8210000000000001 21
1762940113652 0.8220000000000001 22
1762940113670 0.8230000000000001 23
1762940113693 0.8240000000000001 24
1762940113709 0.8250000000000001 25
1762940113735 0.8260000000000001 26
1762940113749 0.8270000000000001 27
1762940113765 0.8280000000000001 28
1762940113783 0.8290000000000001 29
1762940113802 0.8300000000000001 30
1762940113813 0.8310000000000001 31
1762940113845 0.8320000000000001 32
1762940113863 0.8330000000000001 33
1762940113879 0.8340000000000001 34
1762940113895 0.8350000000000001 35
1762940113913 0.8360000000000001 36
1762940113929 0.8370000000000001 37
1762940113959 0.8380000000000001 38
1762940113982 0.8390000000000001 39
1762940113991 0.8400000000000001 40
1762940114008 0.8410000000000001 41
1762940114038 0.8420000000000001 42
1762940114058 0.8430000000000001 43
1762940114072 0.8440000000000001 44
1762940114092 0.8450000000000001 45
1762940114126 0.8460000000000001 46
1762940114146 0.8470000000000001 47
1762940114162 0.8480000000000001 48
1762940114178 0.8490000000000001 49
1762940114201 0.8500000000000001 50
1762940114221 0.8510000000000001 51
1762940114239 0.8520000000000001 52
1762940114242 0.8530000000000001 53
1762940114275 0.8540000000000001 54
1762940114296 0.8550000000000001 55
1762940114310 0.8560000000000001 56
1762940114333 0.8570000000000001 57
1762940114352 0.8580000000000001 58
1762940114368 0.8590000000000001 59
1762940114392 0.8600000000000001 60
1762940114415 0.861 61
1762940114433 0.8620000000000001 62
1762940114453 0.863 63
1762940114468 0.8640000000000001 64
1762940114481 0.865 65
1762940114496 0.8660000000000001 66
1762940114512 0.867 67
1762940114544 0.8680000000000001 68
1762940114560 0.869 69
1762940114577 0.8700000000000001 70
1762940114604 0.871 71
1762940114624 0.8720000000000001 72
1762940114643 0.873 73
1762940114664 0.874 74
1762940114685 0.875 75
1762940114701 0.876 76
1762940114717 0.877 77
1762940114732 0.878 78
1762940114756 0.879 79
1762940114766 0.88 80
1762940114791 0.881 81
1762940114812 0.882 82
1762940114828 0.883 83
1762940114845 0.884 84
1762940114860 0.885 85
1762940114876 0.886 86
1762940114894 0.887 87
1762940114925 0.888 88
1762940114945 0.889 89
1762940114962 0.89 90
1762940114979 0.891 91
1762940114994 0.892 92
1762940115009 0.893 93
1762940115025 0.894 94
1762940115042 0.895 95
1762940115075 0.896 96
1762940115099 0.897 97
1762940115122 0.898 98
1762940115138 0.899 99
