1762940113227 0.2 0
1762940113248 0.1998 1
1762940113270 0.1996 2
1762940113289 0.19940000000000002 3
1762940113295 0.19920000000000002 4
1762940113328 0.199 5
1762940113348 0.1988 6
1762940113363 0.1986 7
1762940113389 0.19840000000000002 8
1762940113411 0.19820000000000002 9
1762940113433 0.198 10
1762940113443 0.1978 11
1762940113459 0.1976 12
1762940113490 0.19740000000000002 13
1762940113507 0.19720000000000001 14
1762940113522 0.197 15
1762940113538 0.1968 16
1762940113560 0.1966 17
1762940113580 0.19640000000000002 18
1762940113601 0.1962 19
1762940113621 0.196 20
1762940113640 0.1958 21
1762940113662 0.19560000000000002 22
1762940113686 0.19540000000000002 23
1762940113702 0.1952 24
1762940113719 0.195 25
1762940113735 0.1948 26
1762940113749 0.19460000000000002 27
1762940113781 0.19440000000000002 28
1762940113799 0.1942 29
1762940113813 0.194 30
1762940113830 0.1938 31
1762940113857 0.19360000000000002 32
1762940113873 0.19340000000000002 33
1762940113889 0.1932 34
1762940113913 0.193 35
1762940113929 0.1928 36
1762940113943 0.19260000000000002 37
1762940113961 0.19240000000000002 38
1762940113991 0.1922 39
1762940114008 0.192 40
1762940114028 0.1918 41
1762940114038 0.19160000000000002 42
1762940114060 0.19140000000000001 43
1762940114086 0.1912 44
1762940114113 0.191 45
1762940114131 0.19080000000000003 46
1762940114156 0.19060000000000002 47
1762940114175 0.1904 48
1762940114185 0.1902 49
1762940114210 0.19 50
1762940114226 0.18980000000000002 51
1762940114242 0.18960000000000002 52
1762940114257 0.1894 53
1762940114286 0.1892 54
1762940114304 0.189 55
1762940114323 0.18880000000000002 56
1762940114342 0.18860000000000002 57
1762940114359 0.1884 58
1762940114378 0.1882 59
1762940114402 0.188 60
1762940114425 0.18780000000000002 61
1762940114443 0.18760000000000002 62
1762940114458 0.1874 63
1762940114477 0.1872 64
1762940114496 0.187 65
1762940114512 0.18680000000000002 66
1762940114529 0.18660000000000002 67
1762940114545 0.1864 68
1762940114572 0.1862 69
1762940114590 0.186 70
1762940114613 0.18580000000000002 71
1762940114633 0.18560000000000001 72
1762940114656 0.1854 73
1762940114671 0.1852 74
1762940114687 0.185 75
1762940114701 0.18480000000000002 76
1762940114722 0.18460000000000001 77
1762940114748 0.1844 78
1762940114766 0.1842 79
1762940114780 0.184 80
1762940114798 0.18380000000000002 81
1762940114815 0.1836 82
1762940114828 0.1834 83
1762940114860 0.1832 84
1762940114876 0.183 85
1762940114894 0.18280000000000002 86
1762940114909 0.1826 87
1762940114929 0.1824 88
1762940114954 0.1822 89
1762940114962 0.182 90
1762940114979 0.18180000000000002 91
1762940115009 0.1816 92
1762940115025 0.1814 93
1762940115042 0.1812 94
1762940115060 0.18100000000000002 95
1762940115079 0.18080000000000002 96
1762940115106 0.1806 97
1762940115131 0.1804 98
1762940115154 0.1802 99
