1762939774439 0.9 1
1762939774493 0.9 1
1762939774671 0.8 0
1762939774693 0.801 1
1762939774713 0.802 2
1762939774733 0.803 3
1762939774753 0.804 4
1762939774771 0.805 5
1762939774791 0.806 6
1762939774807 0.807 7
1762939774828 0.808 8
1762939774845 0.809 9
1762939774865 0.81 10
1762939774885 0.811 11
1762939774908 0.812 12
1762939774929 0.8130000000000001 13
1762939774944 0.8140000000000001 14
1762939774966 0.8150000000000001 15
1762939774985 0.8160000000000001 16
1762939775010 0.8170000000000001 17
1762939775025 0.8180000000000001 18
1762939775041 0.8190000000000001 19
1762939775070 0.8200000000000001 20
1762939775088 0.8210000000000001 21
1762939775108 0.8220000000000001 22
1762939775124 0.8230000000000001 23
1762939775154 0.8240000000000001 24
1762939775175 0.8250000000000001 25
1762939775190 0.8260000000000001 26
1762939775214 0.8270000000000001 27
1762939775233 0.8280000000000001 28
1762939775256 0.8290000000000001 29
1762939775273 0.8300000000000001 30
1762939775296 0.8310000000000001 31
1762939775312 0.8320000000000001 32
1762939775335 0.8330000000000001 33
1762939775356 0.8340000000000001 34
1762939775374 0.8350000000000001 35
1762939775388 0.8360000000000001 36
1762939775411 0.8370000000000001 37
1762939775427 0.8380000000000001 38
1762939775452 0.8390000000000001 39
1762939775468 0.8400000000000001 40
1762939775491 0.8410000000000001 41
1762939775506 0.8420000000000001 42
1762939775531 0.8430000000000001 43
1762939775552 0.8440000000000001 44
1762939775571 0.8450000000000001 45
1762939775592 0.8460000000000001 46
1762939775612 0.8470000000000001 47
1762939775638 0.8480000000000001 48
1762939775656 0.8490000000000001 49
1762939775675 0.8500000000000001 50
1762939775694 0.8510000000000001 51
1762939775713 0.8520000000000001 52
1762939775742 0.8530000000000001 53
1762939775759 0.8540000000000001 54
1762939775785 0.8550000000000001 55
1762939775802 0.8560000000000001 56
1762939775827 0.8570000000000001 57
1762939775849 0.8580000000000001 58
1762939775868 0.8590000000000001 59
1762939775881 0.8600000000000001 60
1762939775910 0.861 61
1762939775921 0.8620000000000001 62
1762939775953 0.863 63
1762939775971 0.8640000000000001 64
1762939775985 0.865 65
1762939776001 0.8660000000000001 66
1762939776032 0.867 67
1762939776064 0.8680000000000001 68
1762939776085 0.869 69
1762939776112 0.8700000000000001 70
1762939776128 0.871 71
1762939776143 0.8720000000000001 72
1762939776175 0.873 73
1762939776191 0.874 74
1762939776207 0.875 75
1762939776223 0.876 76
1762939776254 0.877 77
1762939776273 0.878 78
1762939776300 0.879 79
1762939776321 0.88 80
1762939776340 0.881 81
1762939776358 0.882 82
1762939776383 0.883 83
1762939776403 0.884 84
1762939776423 0.885 85
1762939776442 0.886 86
1762939776458 0.887 87
1762939776479 0.888 88
1762939776502 0.889 89
1762939776521 0.89 90
1762939776539 0.891 91
1762939776565 0.892 92
1762939776579 0.893 93
1762939776606 0.894 94
1762939776625 0.895 95
1762939776644 0.896 96
1762939776664 0.897 97
1762939776685 0.898 98
1762939776708 0.899 99
