1762939774679 0.2 0
1762939774703 0.1998 1
1762939774720 0.1996 2
1762939774741 0.19940000000000002 3
1762939774757 0.19920000000000002 4
1762939774781 0.199 5
1762939774801 0.1988 6
1762939774820 0.1986 7
1762939774831 0.19840000000000002 8
1762939774859 0.19820000000000002 9
1762939774877 0.198 10
1762939774898 0.1978 11
1762939774912 0.1976 12
1762939774937 0.19740000000000002 13
1762939774954 0.19720000000000001 14
1762939774977 0.197 15
1762939774999 0.1968 16
1762939775017 0.1966 17
1762939775041 0.19640000000000002 18
1762939775057 0.1962 19
1762939775070 0.196 20
1762939775099 0.1958 21
1762939775112 0.19560000000000002 22
1762939775146 0.19540000000000002 23
1762939775157 0.1952 24
1762939775182 0.195 25
1762939775203 0.1948 26
1762939775224 0.19460000000000002 27
1762939775241 0.19440000000000002 28
1762939775265 0.1942 29
1762939775284 0.194 30
1762939775307 0.1938 31
1762939775327 0.19360000000000002 32
1762939775341 0.19340000000000002 33
1762939775364 0.1932 34
1762939775382 0.193 35
1762939775394 0.1928 36
1762939775423 0.19260000000000002 37
1762939775443 0.19240000000000002 38
1762939775457 0.1922 39
1762939775478 0.192 40
1762939775502 0.1918 41
1762939775521 0.19160000000000002 42
1762939775541 0.19140000000000001 43
1762939775558 0.1912 44
1762939775582 0.191 45
1762939775596 0.19080000000000003 46
1762939775621 0.19060000000000002 47
1762939775643 0.1904 48
1762939775659 0.1902 49
1762939775685 0.19 50
1762939775707 0.18980000000000002 51
1762939775727 0.18960000000000002 52
1762939775752 0.1894 53
1762939775772 0.1892 54
1762939775793 0.189 55
1762939775817 0.18880000000000002 56
1762939775840 0.18860000000000002 57
1762939775858 0.1884 58
1762939775873 0.1882 59
1762939775897 0.188 60
1762939775921 0.18780000000000002 61
1762939775937 0.18760000000000002 62
1762939775953 0.1874 63
1762939775971 0.1872 64
1762939776001 0.187 65
1762939776019 0.18680000000000002 66
1762939776032 0.18660000000000002 67
1762939776080 0.1864 68
1762939776096 0.1862 69
1762939776112 0.186 70
1762939776143 0.18580000000000002 71
1762939776164 0.18560000000000001 72
1762939776175 0.1854 73
1762939776207 0.1852 74
1762939776223 0.185 75
1762939776238 0.18480000000000002 76
1762939776271 0.18460000000000001 77
1762939776288 0.1844 78
1762939776309 0.1842 79
1762939776324 0.184 80
1762939776349 0.18380000000000002 81
1762939776369 0.1836 82
1762939776391 0.1834 83
1762939776410 0.1832 84
1762939776428 0.183 85
1762939776452 0.18280000000000002 86
1762939776473 0.1826 87
1762939776490 0.1824 88
1762939776504 0.1822 89
1762939776533 0.182 90
1762939776556 0.18180000000000002 91
1762939776575 0.1816 92
1762939776595 0.1814 93
1762939776612 0.1812 94
1762939776630 0.18100000000000002 95
1762939776655 0.18080000000000002 96
1762939776674 0.1806 97
1762939776692 0.1804 98
1762939776713 0.1802 99
