1763056513192 0.9 1
1763056513223 0.9 1
1763056513338 0.8 0
1763056513353 0.801 1
1763056513369 0.802 2
1763056513382 0.803 3
1763056513395 0.804 4
1763056513408 0.805 5
1763056513421 0.806 6
1763056513434 0.807 7
1763056513446 0.808 8
1763056513457 0.809 9
1763056513470 0.81 10
1763056513482 0.811 11
1763056513496 0.812 12
1763056513511 0.8130000000000001 13
1763056513523 0.8140000000000001 14
1763056513536 0.8150000000000001 15
1763056513548 0.8160000000000001 16
1763056513560 0.8170000000000001 17
1763056513571 0.8180000000000001 18
1763056513585 0.8190000000000001 19
1763056513596 0.8200000000000001 20
1763056513609 0.8210000000000001 21
1763056513622 0.8220000000000001 22
1763056513636 0.8230000000000001 23
1763056513650 0.8240000000000001 24
1763056513664 0.8250000000000001 25
1763056513677 0.8260000000000001 26
1763056513689 0.8270000000000001 27
1763056513703 0.8280000000000001 28
1763056513717 0.8290000000000001 29
1763056513729 0.8300000000000001 30
1763056513739 0.8310000000000001 31
1763056513748 0.8320000000000001 32
1763056513761 0.8330000000000001 33
1763056513771 0.8340000000000001 34
1763056513785 0.8350000000000001 35
1763056513797 0.8360000000000001 36
1763056513804 0.8370000000000001 37
1763056513817 0.8380000000000001 38
1763056513830 0.8390000000000001 39
1763056513839 0.8400000000000001 40
1763056513850 0.8410000000000001 41
1763056513861 0.8420000000000001 42
1763056513867 0.8430000000000001 43
1763056513880 0.8440000000000001 44
1763056513890 0.8450000000000001 45
1763056513901 0.8460000000000001 46
1763056513912 0.8470000000000001 47
1763056513924 0.8480000000000001 48
1763056513934 0.8490000000000001 49
1763056513944 0.8500000000000001 50
1763056513954 0.8510000000000001 51
1763056513967 0.8520000000000001 52
1763056513978 0.8530000000000001 53
1763056513987 0.8540000000000001 54
1763056513999 0.8550000000000001 55
1763056514013 0.8560000000000001 56
1763056514023 0.8570000000000001 57
1763056514034 0.8580000000000001 58
1763056514044 0.8590000000000001 59
1763056514054 0.8600000000000001 60
1763056514067 0.861 61
1763056514077 0.8620000000000001 62
1763056514089 0.863 63
1763056514098 0.8640000000000001 64
1763056514112 0.865 65
1763056514123 0.8660000000000001 66
1763056514135 0.867 67
1763056514148 0.8680000000000001 68
1763056514160 0.869 69
1763056514171 0.8700000000000001 70
1763056514178 0.871 71
1763056514191 0.8720000000000001 72
1763056514194 0.873 73
1763056514213 0.874 74
1763056514222 0.875 75
1763056514231 0.876 76
1763056514244 0.877 77
1763056514254 0.878 78
1763056514266 0.879 79
1763056514277 0.88 80
1763056514288 0.881 81
1763056514298 0.882 82
1763056514311 0.883 83
1763056514320 0.884 84
1763056514332 0.885 85
1763056514339 0.886 86
1763056514355 0.887 87
1763056514373 0.888 88
1763056514395 0.889 89
1763056514408 0.89 90
1763056514421 0.891 91
1763056514434 0.892 92
1763056514445 0.893 93
1763056514458 0.894 94
1763056514468 0.895 95
1763056514478 0.896 96
1763056514495 0.897 97
1763056514503 0.898 98
1763056514517 0.899 99
