1763056513345 0.2 0
1763056513361 0.1998 1
1763056513375 0.1996 2
1763056513387 0.19940000000000002 3
1763056513403 0.19920000000000002 4
1763056513414 0.199 5
1763056513427 0.1988 6
1763056513440 0.1986 7
1763056513452 0.19840000000000002 8
1763056513463 0.19820000000000002 9
1763056513477 0.198 10
1763056513489 0.1978 11
1763056513503 0.1976 12
1763056513516 0.19740000000000002 13
1763056513531 0.19720000000000001 14
1763056513542 0.197 15
1763056513553 0.1968 16
1763056513565 0.1966 17
1763056513579 0.19640000000000002 18
1763056513589 0.1962 19
1763056513598 0.196 20
1763056513617 0.1958 21
1763056513631 0.19560000000000002 22
1763056513645 0.19540000000000002 23
1763056513657 0.1952 24
1763056513670 0.195 25
1763056513682 0.1948 26
1763056513696 0.19460000000000002 27
1763056513711 0.19440000000000002 28
1763056513722 0.1942 29
1763056513735 0.194 30
1763056513746 0.1938 31
1763056513756 0.19360000000000002 32
1763056513766 0.19340000000000002 33
1763056513779 0.1932 34
1763056513786 0.193 35
1763056513801 0.1928 36
1763056513813 0.19260000000000002 37
1763056513824 0.19240000000000002 38
1763056513834 0.1922 39
1763056513845 0.192 40
1763056513855 0.1918 41
1763056513863 0.19160000000000002 42
1763056513876 0.19140000000000001 43
1763056513880 0.1912 44
1763056513898 0.191 45
1763056513909 0.19080000000000003 46
1763056513920 0.19060000000000002 47
1763056513931 0.1904 48
1763056513939 0.1902 49
1763056513949 0.19 50
1763056513962 0.18980000000000002 51
1763056513972 0.18960000000000002 52
1763056513980 0.1894 53
1763056513993 0.1892 54
1763056514006 0.189 55
1763056514018 0.18880000000000002 56
1763056514030 0.18860000000000002 57
1763056514038 0.1884 58
1763056514051 0.1882 59
1763056514061 0.188 60
1763056514072 0.18780000000000002 61
1763056514085 0.18760000000000002 62
1763056514093 0.1874 63
1763056514107 0.1872 64
1763056514114 0.187 65
1763056514130 0.18680000000000002 66
1763056514140 0.18660000000000002 67
1763056514154 0.1864 68
1763056514165 0.1862 69
1763056514175 0.186 70
1763056514186 0.18580000000000002 71
1763056514194 0.18560000000000001 72
1763056514206 0.1854 73
1763056514217 0.1852 74
1763056514229 0.185 75
1763056514237 0.18480000000000002 76
1763056514249 0.18460000000000001 77
1763056514262 0.1844 78
1763056514271 0.1842 79
1763056514280 0.184 80
1763056514294 0.18380000000000002 81
1763056514304 0.1836 82
1763056514317 0.1834 83
1763056514327 0.1832 84
1763056514337 0.183 85
1763056514348 0.18280000000000002 86
1763056514364 0.1826 87
1763056514387 0.1824 88
1763056514402 0.1822 89
1763056514415 0.182 90
1763056514425 0.18180000000000002 91
1763056514438 0.1816 92
1763056514453 0.1814 93
1763056514466 0.1812 94
1763056514478 0.18100000000000002 95
1763056514489 0.18080000000000002 96
1763056514500 0.1806 97
1763056514510 0.1804 98
1763056514522 0.1802 99
