1762940302128 0.9 1
1762940302173 0.9 1
1762940302347 0.8 0
1762940302377 0.801 1
1762940302398 0.802 2
1762940302424 0.803 3
1762940302444 0.804 4
1762940302460 0.805 5
1762940302482 0.806 6
1762940302499 0.807 7
1762940302523 0.808 8
1762940302543 0.809 9
1762940302562 0.81 10
1762940302580 0.811 11
1762940302595 0.812 12
1762940302613 0.8130000000000001 13
1762940302633 0.8140000000000001 14
1762940302649 0.8150000000000001 15
1762940302670 0.8160000000000001 16
1762940302690 0.8170000000000001 17
1762940302706 0.8180000000000001 18
1762940302728 0.8190000000000001 19
1762940302743 0.8200000000000001 20
1762940302761 0.8210000000000001 21
1762940302781 0.8220000000000001 22
1762940302803 0.8230000000000001 23
1762940302833 0.8240000000000001 24
1762940302852 0.8250000000000001 25
1762940302874 0.8260000000000001 26
1762940302890 0.8270000000000001 27
1762940302911 0.8280000000000001 28
1762940302931 0.8290000000000001 29
1762940302948 0.8300000000000001 30
1762940302966 0.8310000000000001 31
1762940302984 0.8320000000000001 32
1762940303004 0.8330000000000001 33
1762940303024 0.8340000000000001 34
1762940303043 0.8350000000000001 35
1762940303061 0.8360000000000001 36
1762940303082 0.8370000000000001 37
1762940303094 0.8380000000000001 38
1762940303124 0.8390000000000001 39
1762940303144 0.8400000000000001 40
1762940303160 0.8410000000000001 41
1762940303179 0.8420000000000001 42
1762940303200 0.8430000000000001 43
1762940303226 0.8440000000000001 44
1762940303245 0.8450000000000001 45
1762940303261 0.8460000000000001 46
1762940303274 0.8470000000000001 47
1762940303302 0.8480000000000001 48
1762940303319 0.8490000000000001 49
1762940303345 0.8500000000000001 50
1762940303366 0.8510000000000001 51
1762940303385 0.8520000000000001 52
1762940303407 0.8530000000000001 53
1762940303426 0.8540000000000001 54
1762940303443 0.8550000000000001 55
1762940303460 0.8560000000000001 56
1762940303485 0.8570000000000001 57
1762940303506 0.8580000000000001 58
1762940303526 0.8590000000000001 59
1762940303545 0.8600000000000001 60
1762940303563 0.861 61
1762940303583 0.8620000000000001 62
1762940303604 0.863 63
1762940303623 0.8640000000000001 64
1762940303641 0.865 65
1762940303661 0.8660000000000001 66
1762940303683 0.867 67
1762940303707 0.8680000000000001 68
1762940303730 0.869 69
1762940303759 0.8700000000000001 70
1762940303784 0.871 71
1762940303812 0.8720000000000001 72
1762940303844 0.873 73
1762940303871 0.874 74
1762940303898 0.875 75
1762940303925 0.876 76
1762940303955 0.877 77
1762940303991 0.878 78
1762940304022 0.879 79
1762940304050 0.88 80
1762940304074 0.881 81
1762940304105 0.882 82
1762940304137 0.883 83
1762940304164 0.884 84
1762940304193 0.885 85
1762940304219 0.886 86
1762940304249 0.887 87
1762940304271 0.888 88
1762940304295 0.889 89
1762940304320 0.89 90
1762940304340 0.891 91
1762940304367 0.892 92
1762940304387 0.893 93
1762940304412 0.894 94
1762940304433 0.895 95
1762940304453 0.896 96
1762940304476 0.897 97
1762940304499 0.898 98
1762940304522 0.899 99
