1762940302360 0.2 0
1762940302390 0.1998 1
1762940302409 0.1996 2
1762940302433 0.19940000000000002 3
1762940302448 0.19920000000000002 4
1762940302473 0.199 5
1762940302495 0.1988 6
1762940302514 0.1986 7
1762940302530 0.19840000000000002 8
1762940302553 0.19820000000000002 9
1762940302570 0.198 10
1762940302586 0.1978 11
1762940302607 0.1976 12
1762940302625 0.19740000000000002 13
1762940302643 0.19720000000000001 14
1762940302661 0.197 15
1762940302680 0.1968 16
1762940302697 0.1966 17
1762940302717 0.19640000000000002 18
1762940302737 0.1962 19
1762940302753 0.196 20
1762940302772 0.1958 21
1762940302792 0.19560000000000002 22
1762940302820 0.19540000000000002 23
1762940302845 0.1952 24
1762940302861 0.195 25
1762940302881 0.1948 26
1762940302902 0.19460000000000002 27
1762940302914 0.19440000000000002 28
1762940302939 0.1942 29
1762940302957 0.194 30
1762940302975 0.1938 31
1762940302994 0.19360000000000002 32
1762940303014 0.19340000000000002 33
1762940303025 0.1932 34
1762940303051 0.193 35
1762940303073 0.1928 36
1762940303094 0.19260000000000002 37
1762940303107 0.19240000000000002 38
1762940303124 0.1922 39
1762940303144 0.192 40
1762940303173 0.1918 41
1762940303190 0.19160000000000002 42
1762940303210 0.19140000000000001 43
1762940303232 0.1912 44
1762940303253 0.191 45
1762940303269 0.19080000000000003 46
1762940303291 0.19060000000000002 47
1762940303310 0.1904 48
1762940303327 0.1902 49
1762940303360 0.19 50
1762940303374 0.18980000000000002 51
1762940303397 0.18960000000000002 52
1762940303416 0.1894 53
1762940303437 0.1892 54
1762940303457 0.189 55
1762940303474 0.18880000000000002 56
1762940303490 0.18860000000000002 57
1762940303515 0.1884 58
1762940303535 0.1882 59
1762940303545 0.188 60
1762940303576 0.18780000000000002 61
1762940303593 0.18760000000000002 62
1762940303607 0.1874 63
1762940303626 0.1872 64
1762940303651 0.187 65
1762940303673 0.18680000000000002 66
1762940303697 0.18660000000000002 67
1762940303719 0.1864 68
1762940303745 0.1862 69
1762940303770 0.186 70
1762940303799 0.18580000000000002 71
1762940303826 0.18560000000000001 72
1762940303858 0.1854 73
1762940303883 0.1852 74
1762940303913 0.185 75
1762940303939 0.18480000000000002 76
1762940303972 0.18460000000000001 77
1762940304006 0.1844 78
1762940304036 0.1842 79
1762940304062 0.184 80
1762940304083 0.18380000000000002 81
1762940304121 0.1836 82
1762940304151 0.1834 83
1762940304178 0.1832 84
1762940304207 0.183 85
1762940304235 0.18280000000000002 86
1762940304262 0.1826 87
1762940304287 0.1824 88
1762940304310 0.1822 89
1762940304328 0.182 90
1762940304355 0.18180000000000002 91
1762940304377 0.1816 92
1762940304398 0.1814 93
1762940304421 0.1812 94
1762940304443 0.18100000000000002 95
1762940304461 0.18080000000000002 96
1762940304490 0.1806 97
1762940304512 0.1804 98
1762940304534 0.1802 99
