1763056584108 0.9 1
1763056584134 0.9 1
1763056584233 0.8 0
1763056584246 0.801 1
1763056584254 0.802 2
1763056584262 0.803 3
1763056584280 0.804 4
1763056584290 0.805 5
1763056584299 0.806 6
1763056584312 0.807 7
1763056584322 0.808 8
1763056584334 0.809 9
1763056584345 0.81 10
1763056584354 0.811 11
1763056584366 0.812 12
1763056584373 0.8130000000000001 13
1763056584387 0.8140000000000001 14
1763056584398 0.8150000000000001 15
1763056584411 0.8160000000000001 16
1763056584418 0.8170000000000001 17
1763056584434 0.8180000000000001 18
1763056584448 0.8190000000000001 19
1763056584457 0.8200000000000001 20
1763056584471 0.8210000000000001 21
1763056584482 0.8220000000000001 22
1763056584495 0.8230000000000001 23
1763056584517 0.8240000000000001 24
1763056584527 0.8250000000000001 25
1763056584541 0.8260000000000001 26
1763056584548 0.8270000000000001 27
1763056584559 0.8280000000000001 28
1763056584574 0.8290000000000001 29
1763056584583 0.8300000000000001 30
1763056584596 0.8310000000000001 31
1763056584602 0.8320000000000001 32
1763056584615 0.8330000000000001 33
1763056584628 0.8340000000000001 34
1763056584637 0.8350000000000001 35
1763056584648 0.8360000000000001 36
1763056584661 0.8370000000000001 37
1763056584670 0.8380000000000001 38
1763056584687 0.8390000000000001 39
1763056584699 0.8400000000000001 40
1763056584707 0.8410000000000001 41
1763056584722 0.8420000000000001 42
1763056584734 0.8430000000000001 43
1763056584746 0.8440000000000001 44
1763056584757 0.8450000000000001 45
1763056584766 0.8460000000000001 46
1763056584776 0.8470000000000001 47
1763056584788 0.8480000000000001 48
1763056584798 0.8490000000000001 49
1763056584811 0.8500000000000001 50
1763056584817 0.8510000000000001 51
1763056584830 0.8520000000000001 52
1763056584839 0.8530000000000001 53
1763056584848 0.8540000000000001 54
1763056584862 0.8550000000000001 55
1763056584873 0.8560000000000001 56
1763056584884 0.8570000000000001 57
1763056584897 0.8580000000000001 58
1763056584907 0.8590000000000001 59
1763056584914 0.8600000000000001 60
1763056584923 0.861 61
1763056584938 0.8620000000000001 62
1763056584950 0.863 63
1763056584955 0.8640000000000001 64
1763056584970 0.865 65
1763056584982 0.8660000000000001 66
1763056584991 0.867 67
1763056585002 0.8680000000000001 68
1763056585011 0.869 69
1763056585022 0.8700000000000001 70
1763056585035 0.871 71
1763056585046 0.8720000000000001 72
1763056585057 0.873 73
1763056585067 0.874 74
1763056585080 0.875 75
1763056585089 0.876 76
1763056585100 0.877 77
1763056585110 0.878 78
1763056585118 0.879 79
1763056585130 0.88 80
1763056585138 0.881 81
1763056585149 0.882 82
1763056585159 0.883 83
1763056585173 0.884 84
1763056585185 0.885 85
1763056585191 0.886 86
1763056585205 0.887 87
1763056585216 0.888 88
1763056585228 0.889 89
1763056585238 0.89 90
1763056585255 0.891 91
1763056585280 0.892 92
1763056585297 0.893 93
1763056585322 0.894 94
1763056585341 0.895 95
1763056585365 0.896 96
1763056585385 0.897 97
1763056585404 0.898 98
1763056585420 0.899 99
