1763056584238 0.2 0
1763056584251 0.1998 1
1763056584262 0.1996 2
1763056584274 0.19940000000000002 3
1763056584284 0.19920000000000002 4
1763056584293 0.199 5
1763056584299 0.1988 6
1763056584318 0.1986 7
1763056584327 0.19840000000000002 8
1763056584339 0.19820000000000002 9
1763056584350 0.198 10
1763056584358 0.1978 11
1763056584369 0.1976 12
1763056584382 0.19740000000000002 13
1763056584396 0.19720000000000001 14
1763056584405 0.197 15
1763056584415 0.1968 16
1763056584428 0.1966 17
1763056584439 0.19640000000000002 18
1763056584452 0.1962 19
1763056584467 0.196 20
1763056584477 0.1958 21
1763056584484 0.19560000000000002 22
1763056584511 0.19540000000000002 23
1763056584520 0.1952 24
1763056584532 0.195 25
1763056584543 0.1948 26
1763056584556 0.19460000000000002 27
1763056584564 0.19440000000000002 28
1763056584574 0.1942 29
1763056584587 0.194 30
1763056584598 0.1938 31
1763056584610 0.19360000000000002 32
1763056584622 0.19340000000000002 33
1763056584630 0.1932 34
1763056584642 0.193 35
1763056584653 0.1928 36
1763056584669 0.19260000000000002 37
1763056584680 0.19240000000000002 38
1763056584695 0.1922 39
1763056584705 0.192 40
1763056584707 0.1918 41
1763056584730 0.19160000000000002 42
1763056584739 0.19140000000000001 43
1763056584752 0.1912 44
1763056584762 0.191 45
1763056584766 0.19080000000000003 46
1763056584783 0.19060000000000002 47
1763056584792 0.1904 48
1763056584804 0.1902 49
1763056584816 0.19 50
1763056584824 0.18980000000000002 51
1763056584834 0.18960000000000002 52
1763056584847 0.1894 53
1763056584854 0.1892 54
1763056584868 0.189 55
1763056584879 0.18880000000000002 56
1763056584888 0.18860000000000002 57
1763056584901 0.1884 58
1763056584914 0.1882 59
1763056584923 0.188 60
1763056584931 0.18780000000000002 61
1763056584946 0.18760000000000002 62
1763056584955 0.1874 63
1763056584966 0.1872 64
1763056584976 0.187 65
1763056584987 0.18680000000000002 66
1763056584997 0.18660000000000002 67
1763056585009 0.1864 68
1763056585019 0.1862 69
1763056585030 0.186 70
1763056585040 0.18580000000000002 71
1763056585048 0.18560000000000001 72
1763056585065 0.1854 73
1763056585073 0.1852 74
1763056585086 0.185 75
1763056585093 0.18480000000000002 76
1763056585104 0.18460000000000001 77
1763056585115 0.1844 78
1763056585124 0.1842 79
1763056585135 0.184 80
1763056585146 0.18380000000000002 81
1763056585158 0.1836 82
1763056585169 0.1834 83
1763056585180 0.1832 84
1763056585189 0.183 85
1763056585201 0.18280000000000002 86
1763056585212 0.1826 87
1763056585223 0.1824 88
1763056585234 0.1822 89
1763056585245 0.182 90
1763056585268 0.18180000000000002 91
1763056585288 0.1816 92
1763056585304 0.1814 93
1763056585334 0.1812 94
1763056585355 0.18100000000000002 95
1763056585374 0.18080000000000002 96
1763056585395 0.1806 97
1763056585411 0.1804 98
1763056585431 0.1802 99
