1762939730688 0.9 1
1762939730705 0.9 1
1762939730827 0.8 0
1762939730838 0.801 1
1762939730852 0.802 2
1762939730861 0.803 3
1762939730875 0.804 4
1762939730885 0.805 5
1762939730889 0.806 6
1762939730902 0.807 7
1762939730919 0.808 8
1762939730926 0.809 9
1762939730938 0.81 10
1762939730954 0.811 11
1762939730963 0.812 12
1762939730974 0.8130000000000001 13
1762939730988 0.8140000000000001 14
1762939730997 0.8150000000000001 15
1762939731006 0.8160000000000001 16
1762939731017 0.8170000000000001 17
1762939731033 0.8180000000000001 18
1762939731046 0.8190000000000001 19
1762939731059 0.8200000000000001 20
1762939731069 0.8210000000000001 21
1762939731075 0.8220000000000001 22
1762939731088 0.8230000000000001 23
1762939731111 0.8240000000000001 24
1762939731125 0.8250000000000001 25
1762939731138 0.8260000000000001 26
1762939731149 0.8270000000000001 27
1762939731156 0.8280000000000001 28
1762939731169 0.8290000000000001 29
1762939731181 0.8300000000000001 30
1762939731189 0.8310000000000001 31
1762939731202 0.8320000000000001 32
1762939731213 0.8330000000000001 33
1762939731224 0.8340000000000001 34
1762939731235 0.8350000000000001 35
1762939731244 0.8360000000000001 36
1762939731255 0.8370000000000001 37
1762939731272 0.8380000000000001 38
1762939731284 0.8390000000000001 39
1762939731289 0.8400000000000001 40
1762939731306 0.8410000000000001 41
1762939731316 0.8420000000000001 42
1762939731325 0.8430000000000001 43
1762939731338 0.8440000000000001 44
1762939731351 0.8450000000000001 45
1762939731360 0.8460000000000001 46
1762939731373 0.8470000000000001 47
1762939731388 0.8480000000000001 48
1762939731388 0.8490000000000001 49
1762939731407 0.8500000000000001 50
1762939731422 0.8510000000000001 51
1762939731435 0.8520000000000001 52
1762939731442 0.8530000000000001 53
1762939731456 0.8540000000000001 54
1762939731468 0.8550000000000001 55
1762939731475 0.8560000000000001 56
1762939731489 0.8570000000000001 57
1762939731500 0.8580000000000001 58
1762939731513 0.8590000000000001 59
1762939731524 0.8600000000000001 60
1762939731537 0.861 61
1762939731548 0.8620000000000001 62
1762939731560 0.863 63
1762939731572 0.8640000000000001 64
1762939731579 0.865 65
1762939731590 0.8660000000000001 66
1762939731606 0.867 67
1762939731620 0.8680000000000001 68
1762939731627 0.869 69
1762939731642 0.8700000000000001 70
1762939731655 0.871 71
1762939731655 0.8720000000000001 72
1762939731671 0.873 73
1762939731689 0.874 74
1762939731701 0.875 75
1762939731706 0.876 76
1762939731722 0.877 77
1762939731739 0.878 78
1762939731752 0.879 79
1762939731764 0.88 80
1762939731772 0.881 81
1762939731786 0.882 82
1762939731804 0.883 83
1762939731814 0.884 84
1762939731828 0.885 85
1762939731840 0.886 86
1762939731865 0.887 87
1762939731885 0.888 88
1762939731910 0.889 89
1762939731940 0.89 90
1762939731971 0.891 91
1762939731994 0.892 92
1762939732020 0.893 93
1762939732040 0.894 94
1762939732064 0.895 95
1762939732085 0.896 96
1762939732108 0.897 97
1762939732131 0.898 98
1762939732154 0.899 99
