1762939730827 0.2 0
1762939730846 0.1998 1
1762939730857 0.1996 2
1762939730869 0.19940000000000002 3
1762939730879 0.19920000000000002 4
1762939730889 0.199 5
1762939730902 0.1988 6
1762939730902 0.1986 7
1762939730921 0.19840000000000002 8
1762939730933 0.19820000000000002 9
1762939730947 0.198 10
1762939730956 0.1978 11
1762939730970 0.1976 12
1762939730982 0.19740000000000002 13
1762939730990 0.19720000000000001 14
1762939731005 0.197 15
1762939731011 0.1968 16
1762939731017 0.1966 17
1762939731039 0.19640000000000002 18
1762939731053 0.1962 19
1762939731059 0.196 20
1762939731075 0.1958 21
1762939731086 0.19560000000000002 22
1762939731105 0.19540000000000002 23
1762939731118 0.1952 24
1762939731125 0.195 25
1762939731138 0.1948 26
1762939731152 0.19460000000000002 27
1762939731165 0.19440000000000002 28
1762939731173 0.1942 29
1762939731186 0.194 30
1762939731197 0.1938 31
1762939731206 0.19360000000000002 32
1762939731219 0.19340000000000002 33
1762939731230 0.1932 34
1762939731239 0.193 35
1762939731255 0.1928 36
1762939731262 0.19260000000000002 37
1762939731275 0.19240000000000002 38
1762939731289 0.1922 39
1762939731300 0.192 40
1762939731312 0.1918 41
1762939731319 0.19160000000000002 42
1762939731333 0.19140000000000001 43
1762939731344 0.1912 44
1762939731359 0.191 45
1762939731371 0.19080000000000003 46
1762939731378 0.19060000000000002 47
1762939731388 0.1904 48
1762939731405 0.1902 49
1762939731416 0.19 50
1762939731429 0.18980000000000002 51
1762939731437 0.18960000000000002 52
1762939731449 0.1894 53
1762939731459 0.1892 54
1762939731471 0.189 55
1762939731483 0.18880000000000002 56
1762939731497 0.18860000000000002 57
1762939731509 0.1884 58
1762939731513 0.1882 59
1762939731529 0.188 60
1762939731544 0.18780000000000002 61
1762939731555 0.18760000000000002 62
1762939731562 0.1874 63
1762939731574 0.1872 64
1762939731590 0.187 65
1762939731599 0.18680000000000002 66
1762939731608 0.18660000000000002 67
1762939731624 0.1864 68
1762939731627 0.1862 69
1762939731642 0.186 70
1762939731655 0.18580000000000002 71
1762939731671 0.18560000000000001 72
1762939731671 0.1854 73
1762939731692 0.1852 74
1762939731706 0.185 75
1762939731720 0.18480000000000002 76
1762939731731 0.18460000000000001 77
1762939731739 0.1844 78
1762939731756 0.1842 79
1762939731765 0.184 80
1762939731781 0.18380000000000002 81
1762939731796 0.1836 82
1762939731808 0.1834 83
1762939731821 0.1832 84
1762939731835 0.183 85
1762939731852 0.18280000000000002 86
1762939731876 0.1826 87
1762939731894 0.1824 88
1762939731925 0.1822 89
1762939731951 0.182 90
1762939731982 0.18180000000000002 91
1762939732004 0.1816 92
1762939732030 0.1814 93
1762939732054 0.1812 94
1762939732073 0.18100000000000002 95
1762939732096 0.18080000000000002 96
1762939732120 0.1806 97
1762939732141 0.1804 98
1762939732162 0.1802 99
