1762939817954 0.9 1
1762939818007 0.9 1
1762939818179 0.8 0
1762939818204 0.801 1
1762939818221 0.802 2
1762939818249 0.803 3
1762939818269 0.804 4
1762939818288 0.805 5
1762939818310 0.806 6
1762939818326 0.807 7
1762939818356 0.808 8
1762939818376 0.809 9
1762939818397 0.81 10
1762939818422 0.811 11
1762939818443 0.812 12
1762939818465 0.8130000000000001 13
1762939818486 0.8140000000000001 14
1762939818507 0.8150000000000001 15
1762939818523 0.8160000000000001 16
1762939818555 0.8170000000000001 17
1762939818577 0.8180000000000001 18
1762939818592 0.8190000000000001 19
1762939818619 0.8200000000000001 20
1762939818639 0.8210000000000001 21
1762939818659 0.8220000000000001 22
1762939818677 0.8230000000000001 23
1762939818698 0.8240000000000001 24
1762939818721 0.8250000000000001 25
1762939818738 0.8260000000000001 26
1762939818752 0.8270000000000001 27
1762939818789 0.8280000000000001 28
1762939818807 0.8290000000000001 29
1762939818831 0.8300000000000001 30
1762939818851 0.8310000000000001 31
1762939818874 0.8320000000000001 32
1762939818892 0.8330000000000001 33
1762939818914 0.8340000000000001 34
1762939818938 0.8350000000000001 35
1762939818955 0.8360000000000001 36
1762939818981 0.8370000000000001 37
1762939818998 0.8380000000000001 38
1762939819020 0.8390000000000001 39
1762939819038 0.8400000000000001 40
1762939819055 0.8410000000000001 41
1762939819077 0.8420000000000001 42
1762939819097 0.8430000000000001 43
1762939819125 0.8440000000000001 44
1762939819149 0.8450000000000001 45
1762939819169 0.8460000000000001 46
1762939819191 0.8470000000000001 47
1762939819216 0.8480000000000001 48
1762939819241 0.8490000000000001 49
1762939819262 0.8500000000000001 50
1762939819281 0.8510000000000001 51
1762939819309 0.8520000000000001 52
1762939819331 0.8530000000000001 53
1762939819352 0.8540000000000001 54
1762939819373 0.8550000000000001 55
1762939819392 0.8560000000000001 56
1762939819416 0.8570000000000001 57
1762939819439 0.8580000000000001 58
1762939819454 0.8590000000000001 59
1762939819478 0.8600000000000001 60
1762939819495 0.861 61
1762939819525 0.8620000000000001 62
1762939819542 0.863 63
1762939819554 0.8640000000000001 64
1762939819589 0.865 65
1762939819611 0.8660000000000001 66
1762939819636 0.867 67
1762939819660 0.8680000000000001 68
1762939819683 0.869 69
1762939819704 0.8700000000000001 70
1762939819727 0.871 71
1762939819746 0.8720000000000001 72
1762939819772 0.873 73
1762939819792 0.874 74
1762939819811 0.875 75
1762939819826 0.876 76
1762939819847 0.877 77
1762939819872 0.878 78
1762939819892 0.879 79
1762939819907 0.88 80
1762939819926 0.881 81
1762939819943 0.882 82
1762939820013 0.883 83
1762939820092 0.884 84
1762939820103 0.885 85
1762939820143 0.886 86
1762939820167 0.887 87
1762939820198 0.888 88
1762939820215 0.889 89
1762939820237 0.89 90
1762939820257 0.891 91
1762939820274 0.892 92
1762939820294 0.893 93
1762939820313 0.894 94
1762939820328 0.895 95
1762939820353 0.896 96
1762939820370 0.897 97
1762939820390 0.898 98
1762939820408 0.899 99
