1762939818192 0.2 0
1762939818208 0.1998 1
1762939818238 0.1996 2
1762939818259 0.19940000000000002 3
1762939818280 0.19920000000000002 4
1762939818298 0.199 5
1762939818322 0.1988 6
1762939818345 0.1986 7
1762939818364 0.19840000000000002 8
1762939818386 0.19820000000000002 9
1762939818410 0.198 10
1762939818433 0.1978 11
1762939818454 0.1976 12
1762939818474 0.19740000000000002 13
1762939818497 0.19720000000000001 14
1762939818515 0.197 15
1762939818542 0.1968 16
1762939818562 0.1966 17
1762939818587 0.19640000000000002 18
1762939818607 0.1962 19
1762939818627 0.196 20
1762939818649 0.1958 21
1762939818667 0.19560000000000002 22
1762939818690 0.19540000000000002 23
1762939818712 0.1952 24
1762939818733 0.195 25
1762939818752 0.1948 26
1762939818777 0.19460000000000002 27
1762939818789 0.19440000000000002 28
1762939818822 0.1942 29
1762939818840 0.194 30
1762939818862 0.1938 31
1762939818883 0.19360000000000002 32
1762939818908 0.19340000000000002 33
1762939818921 0.1932 34
1762939818950 0.193 35
1762939818969 0.1928 36
1762939818988 0.19260000000000002 37
1762939819005 0.19240000000000002 38
1762939819026 0.1922 39
1762939819045 0.192 40
1762939819069 0.1918 41
1762939819088 0.19160000000000002 42
1762939819107 0.19140000000000001 43
1762939819136 0.1912 44
1762939819157 0.191 45
1762939819182 0.19080000000000003 46
1762939819204 0.19060000000000002 47
1762939819231 0.1904 48
1762939819251 0.1902 49
1762939819274 0.19 50
1762939819298 0.18980000000000002 51
1762939819320 0.18960000000000002 52
1762939819338 0.1894 53
1762939819357 0.1892 54
1762939819384 0.189 55
1762939819407 0.18880000000000002 56
1762939819428 0.18860000000000002 57
1762939819447 0.1884 58
1762939819470 0.1882 59
1762939819491 0.188 60
1762939819513 0.18780000000000002 61
1762939819536 0.18760000000000002 62
1762939819554 0.1874 63
1762939819578 0.1872 64
1762939819600 0.187 65
1762939819625 0.18680000000000002 66
1762939819648 0.18660000000000002 67
1762939819671 0.1864 68
1762939819695 0.1862 69
1762939819714 0.186 70
1762939819738 0.18580000000000002 71
1762939819759 0.18560000000000001 72
1762939819775 0.1854 73
1762939819792 0.1852 74
1762939819822 0.185 75
1762939819843 0.18480000000000002 76
1762939819862 0.18460000000000001 77
1762939819877 0.1844 78
1762939819894 0.1842 79
1762939819923 0.184 80
1762939819941 0.18380000000000002 81
1762939819993 0.1836 82
1762939820060 0.1834 83
1762939820103 0.1832 84
1762939820128 0.183 85
1762939820159 0.18280000000000002 86
1762939820185 0.1826 87
1762939820208 0.1824 88
1762939820220 0.1822 89
1762939820246 0.182 90
1762939820262 0.18180000000000002 91
1762939820278 0.1816 92
1762939820303 0.1814 93
1762939820321 0.1812 94
1762939820337 0.18100000000000002 95
1762939820360 0.18080000000000002 96
1762939820378 0.1806 97
1762939820394 0.1804 98
1762939820411 0.1802 99
