1763057740672 0.9 1
1763057740696 0.9 1
1763057740791 0.8 0
1763057740794 0.801 1
1763057740811 0.802 2
1763057740823 0.803 3
1763057740833 0.804 4
1763057740843 0.805 5
1763057740855 0.806 6
1763057740864 0.807 7
1763057740872 0.808 8
1763057740882 0.809 9
1763057740896 0.81 10
1763057740908 0.811 11
1763057740918 0.812 12
1763057740934 0.8130000000000001 13
1763057740949 0.8140000000000001 14
1763057740962 0.8150000000000001 15
1763057740976 0.8160000000000001 16
1763057740986 0.8170000000000001 17
1763057740996 0.8180000000000001 18
1763057741008 0.8190000000000001 19
1763057741018 0.8200000000000001 20
1763057741030 0.8210000000000001 21
1763057741040 0.8220000000000001 22
1763057741052 0.8230000000000001 23
1763057741062 0.8240000000000001 24
1763057741063 0.8250000000000001 25
1763057741080 0.8260000000000001 26
1763057741087 0.8270000000000001 27
1763057741093 0.8280000000000001 28
1763057741113 0.8290000000000001 29
1763057741119 0.8300000000000001 30
1763057741133 0.8310000000000001 31
1763057741141 0.8320000000000001 32
1763057741150 0.8330000000000001 33
1763057741171 0.8340000000000001 34
1763057741182 0.8350000000000001 35
1763057741194 0.8360000000000001 36
1763057741204 0.8370000000000001 37
1763057741217 0.8380000000000001 38
1763057741228 0.8390000000000001 39
1763057741238 0.8400000000000001 40
1763057741246 0.8410000000000001 41
1763057741259 0.8420000000000001 42
1763057741271 0.8430000000000001 43
1763057741278 0.8440000000000001 44
1763057741293 0.8450000000000001 45
1763057741304 0.8460000000000001 46
1763057741315 0.8470000000000001 47
1763057741327 0.8480000000000001 48
1763057741336 0.8490000000000001 49
1763057741347 0.8500000000000001 50
1763057741358 0.8510000000000001 51
1763057741370 0.8520000000000001 52
1763057741379 0.8530000000000001 53
1763057741393 0.8540000000000001 54
1763057741401 0.8550000000000001 55
1763057741414 0.8560000000000001 56
1763057741425 0.8570000000000001 57
1763057741440 0.8580000000000001 58
1763057741454 0.8590000000000001 59
1763057741456 0.8600000000000001 60
1763057741475 0.861 61
1763057741485 0.8620000000000001 62
1763057741492 0.863 63
1763057741509 0.8640000000000001 64
1763057741517 0.865 65
1763057741530 0.8660000000000001 66
1763057741541 0.867 67
1763057741551 0.8680000000000001 68
1763057741563 0.869 69
1763057741575 0.8700000000000001 70
1763057741584 0.871 71
1763057741593 0.8720000000000001 72
1763057741605 0.873 73
1763057741616 0.874 74
1763057741628 0.875 75
1763057741638 0.876 76
1763057741648 0.877 77
1763057741661 0.878 78
1763057741672 0.879 79
1763057741684 0.88 80
1763057741696 0.881 81
1763057741708 0.882 82
1763057741718 0.883 83
1763057741728 0.884 84
1763057741742 0.885 85
1763057741755 0.886 86
1763057741767 0.887 87
1763057741779 0.888 88
1763057741790 0.889 89
1763057741799 0.89 90
1763057741814 0.891 91
1763057741825 0.892 92
1763057741839 0.893 93
1763057741849 0.894 94
1763057741860 0.895 95
1763057741871 0.896 96
1763057741881 0.897 97
1763057741891 0.898 98
1763057741899 0.899 99
