1763057740794 0.2 0
1763057740807 0.1998 1
1763057740818 0.1996 2
1763057740829 0.19940000000000002 3
1763057740839 0.19920000000000002 4
1763057740849 0.199 5
1763057740856 0.1988 6
1763057740870 0.1986 7
1763057740880 0.19840000000000002 8
1763057740892 0.19820000000000002 9
1763057740902 0.198 10
1763057740909 0.1978 11
1763057740925 0.1976 12
1763057740938 0.19740000000000002 13
1763057740955 0.19720000000000001 14
1763057740970 0.197 15
1763057740980 0.1968 16
1763057740992 0.1966 17
1763057741002 0.19640000000000002 18
1763057741012 0.1962 19
1763057741025 0.196 20
1763057741033 0.1958 21
1763057741046 0.19560000000000002 22
1763057741054 0.19540000000000002 23
1763057741063 0.1952 24
1763057741074 0.195 25
1763057741080 0.1948 26
1763057741093 0.19460000000000002 27
1763057741106 0.19440000000000002 28
1763057741116 0.1942 29
1763057741125 0.194 30
1763057741137 0.1938 31
1763057741145 0.19360000000000002 32
1763057741163 0.19340000000000002 33
1763057741178 0.1932 34
1763057741190 0.193 35
1763057741194 0.1928 36
1763057741211 0.19260000000000002 37
1763057741223 0.19240000000000002 38
1763057741232 0.1922 39
1763057741244 0.192 40
1763057741253 0.1918 41
1763057741265 0.19160000000000002 42
1763057741276 0.19140000000000001 43
1763057741287 0.1912 44
1763057741293 0.191 45
1763057741311 0.19080000000000003 46
1763057741321 0.19060000000000002 47
1763057741327 0.1904 48
1763057741341 0.1902 49
1763057741350 0.19 50
1763057741364 0.18980000000000002 51
1763057741377 0.18960000000000002 52
1763057741388 0.1894 53
1763057741397 0.1892 54
1763057741408 0.189 55
1763057741418 0.18880000000000002 56
1763057741434 0.18860000000000002 57
1763057741447 0.1884 58
1763057741456 0.1882 59
1763057741470 0.188 60
1763057741480 0.18780000000000002 61
1763057741492 0.18760000000000002 62
1763057741503 0.1874 63
1763057741513 0.1872 64
1763057741522 0.187 65
1763057741535 0.18680000000000002 66
1763057741547 0.18660000000000002 67
1763057741556 0.1864 68
1763057741569 0.1862 69
1763057741579 0.186 70
1763057741586 0.18580000000000002 71
1763057741600 0.18560000000000001 72
1763057741612 0.1854 73
1763057741622 0.1852 74
1763057741633 0.185 75
1763057741644 0.18480000000000002 76
1763057741652 0.18460000000000001 77
1763057741664 0.1844 78
1763057741678 0.1842 79
1763057741691 0.184 80
1763057741701 0.18380000000000002 81
1763057741712 0.1836 82
1763057741724 0.1834 83
1763057741731 0.1832 84
1763057741748 0.183 85
1763057741761 0.18280000000000002 86
1763057741772 0.1826 87
1763057741783 0.1824 88
1763057741793 0.1822 89
1763057741809 0.182 90
1763057741818 0.18180000000000002 91
1763057741832 0.1816 92
1763057741841 0.1814 93
1763057741855 0.1812 94
1763057741864 0.18100000000000002 95
1763057741872 0.18080000000000002 96
1763057741887 0.1806 97
1763057741894 0.1804 98
1763057741908 0.1802 99
