1763056558492 0.9 1
1763056558557 0.9 1
1763056558722 0.8 0
1763056558735 0.801 1
1763056558752 0.802 2
1763056558762 0.803 3
1763056558777 0.804 4
1763056558789 0.805 5
1763056558799 0.806 6
1763056558815 0.807 7
1763056558830 0.808 8
1763056558845 0.809 9
1763056558862 0.81 10
1763056558871 0.811 11
1763056558885 0.812 12
1763056558898 0.8130000000000001 13
1763056558906 0.8140000000000001 14
1763056558919 0.8150000000000001 15
1763056558931 0.8160000000000001 16
1763056558944 0.8170000000000001 17
1763056558958 0.8180000000000001 18
1763056558973 0.8190000000000001 19
1763056558987 0.8200000000000001 20
1763056558997 0.8210000000000001 21
1763056559006 0.8220000000000001 22
1763056559017 0.8230000000000001 23
1763056559035 0.8240000000000001 24
1763056559048 0.8250000000000001 25
1763056559063 0.8260000000000001 26
1763056559075 0.8270000000000001 27
1763056559088 0.8280000000000001 28
1763056559095 0.8290000000000001 29
1763056559111 0.8300000000000001 30
1763056559120 0.8310000000000001 31
1763056559133 0.8320000000000001 32
1763056559151 0.8330000000000001 33
1763056559164 0.8340000000000001 34
1763056559180 0.8350000000000001 35
1763056559183 0.8360000000000001 36
1763056559204 0.8370000000000001 37
1763056559217 0.8380000000000001 38
1763056559229 0.8390000000000001 39
1763056559245 0.8400000000000001 40
1763056559250 0.8410000000000001 41
1763056559271 0.8420000000000001 42
1763056559289 0.8430000000000001 43
1763056559307 0.8440000000000001 44
1763056559322 0.8450000000000001 45
1763056559344 0.8460000000000001 46
1763056559360 0.8470000000000001 47
1763056559380 0.8480000000000001 48
1763056559396 0.8490000000000001 49
1763056559410 0.8500000000000001 50
1763056559432 0.8510000000000001 51
1763056559448 0.8520000000000001 52
1763056559465 0.8530000000000001 53
1763056559479 0.8540000000000001 54
1763056559497 0.8550000000000001 55
1763056559514 0.8560000000000001 56
1763056559532 0.8570000000000001 57
1763056559550 0.8580000000000001 58
1763056559570 0.8590000000000001 59
1763056559585 0.8600000000000001 60
1763056559599 0.861 61
1763056559618 0.8620000000000001 62
1763056559636 0.863 63
1763056559651 0.8640000000000001 64
1763056559667 0.865 65
1763056559684 0.8660000000000001 66
1763056559699 0.867 67
1763056559721 0.8680000000000001 68
1763056559740 0.869 69
1763056559758 0.8700000000000001 70
1763056559782 0.871 71
1763056559805 0.8720000000000001 72
1763056559824 0.873 73
1763056559846 0.874 74
1763056559867 0.875 75
1763056559892 0.876 76
1763056559911 0.877 77
1763056559929 0.878 78
1763056559944 0.879 79
1763056559956 0.88 80
1763056559970 0.881 81
1763056559985 0.882 82
1763056559995 0.883 83
1763056560007 0.884 84
1763056560027 0.885 85
1763056560046 0.886 86
1763056560065 0.887 87
1763056560074 0.888 88
1763056560084 0.889 89
1763056560100 0.89 90
1763056560112 0.891 91
1763056560125 0.892 92
1763056560138 0.893 93
1763056560148 0.894 94
1763056560161 0.895 95
1763056560165 0.896 96
1763056560182 0.897 97
1763056560195 0.898 98
1763056560202 0.899 99
