1763056558730 0.2 0
1763056558744 0.1998 1
1763056558757 0.1996 2
1763056558770 0.19940000000000002 3
1763056558782 0.19920000000000002 4
1763056558795 0.199 5
1763056558799 0.1988 6
1763056558821 0.1986 7
1763056558835 0.19840000000000002 8
1763056558854 0.19820000000000002 9
1763056558867 0.198 10
1763056558878 0.1978 11
1763056558891 0.1976 12
1763056558903 0.19740000000000002 13
1763056558914 0.19720000000000001 14
1763056558919 0.197 15
1763056558934 0.1968 16
1763056558952 0.1966 17
1763056558966 0.19640000000000002 18
1763056558979 0.1962 19
1763056558987 0.196 20
1763056558999 0.1958 21
1763056559015 0.19560000000000002 22
1763056559029 0.19540000000000002 23
1763056559039 0.1952 24
1763056559052 0.195 25
1763056559065 0.1948 26
1763056559081 0.19460000000000002 27
1763056559089 0.19440000000000002 28
1763056559105 0.1942 29
1763056559116 0.194 30
1763056559128 0.1938 31
1763056559142 0.19360000000000002 32
1763056559155 0.19340000000000002 33
1763056559172 0.1932 34
1763056559183 0.193 35
1763056559198 0.1928 36
1763056559210 0.19260000000000002 37
1763056559223 0.19240000000000002 38
1763056559235 0.1922 39
1763056559250 0.192 40
1763056559267 0.1918 41
1763056559283 0.19160000000000002 42
1763056559299 0.19140000000000001 43
1763056559315 0.1912 44
1763056559331 0.191 45
1763056559352 0.19080000000000003 46
1763056559365 0.19060000000000002 47
1763056559387 0.1904 48
1763056559398 0.1902 49
1763056559418 0.19 50
1763056559438 0.18980000000000002 51
1763056559456 0.18960000000000002 52
1763056559470 0.1894 53
1763056559486 0.1892 54
1763056559504 0.189 55
1763056559516 0.18880000000000002 56
1763056559539 0.18860000000000002 57
1763056559562 0.1884 58
1763056559579 0.1882 59
1763056559595 0.188 60
1763056559609 0.18780000000000002 61
1763056559630 0.18760000000000002 62
1763056559644 0.1874 63
1763056559658 0.1872 64
1763056559674 0.187 65
1763056559689 0.18680000000000002 66
1763056559712 0.18660000000000002 67
1763056559732 0.1864 68
1763056559749 0.1862 69
1763056559771 0.186 70
1763056559796 0.18580000000000002 71
1763056559817 0.18560000000000001 72
1763056559835 0.1854 73
1763056559854 0.1852 74
1763056559883 0.185 75
1763056559901 0.18480000000000002 76
1763056559917 0.18460000000000001 77
1763056559937 0.1844 78
1763056559950 0.1842 79
1763056559966 0.184 80
1763056559978 0.18380000000000002 81
1763056559991 0.1836 82
1763056560002 0.1834 83
1763056560018 0.1832 84
1763056560035 0.183 85
1763056560057 0.18280000000000002 86
1763056560069 0.1826 87
1763056560082 0.1824 88
1763056560094 0.1822 89
1763056560106 0.182 90
1763056560112 0.18180000000000002 91
1763056560133 0.1816 92
1763056560145 0.1814 93
1763056560152 0.1812 94
1763056560165 0.18100000000000002 95
1763056560179 0.18080000000000002 96
1763056560182 0.1806 97
1763056560199 0.1804 98
1763056560212 0.1802 99
