1763056851386 0.9 1
1763056851410 0.9 1
1763056851500 0.8 0
1763056851506 0.801 1
1763056851523 0.802 2
1763056851535 0.803 3
1763056851548 0.804 4
1763056851557 0.805 5
1763056851569 0.806 6
1763056851581 0.807 7
1763056851588 0.808 8
1763056851605 0.809 9
1763056851613 0.81 10
1763056851627 0.811 11
1763056851636 0.812 12
1763056851648 0.8130000000000001 13
1763056851658 0.8140000000000001 14
1763056851665 0.8150000000000001 15
1763056851681 0.8160000000000001 16
1763056851691 0.8170000000000001 17
1763056851701 0.8180000000000001 18
1763056851715 0.8190000000000001 19
1763056851722 0.8200000000000001 20
1763056851736 0.8210000000000001 21
1763056851748 0.8220000000000001 22
1763056851760 0.8230000000000001 23
1763056851769 0.8240000000000001 24
1763056851788 0.8250000000000001 25
1763056851800 0.8260000000000001 26
1763056851812 0.8270000000000001 27
1763056851824 0.8280000000000001 28
1763056851838 0.8290000000000001 29
1763056851851 0.8300000000000001 30
1763056851859 0.8310000000000001 31
1763056851872 0.8320000000000001 32
1763056851883 0.8330000000000001 33
1763056851893 0.8340000000000001 34
1763056851904 0.8350000000000001 35
1763056851915 0.8360000000000001 36
1763056851926 0.8370000000000001 37
1763056851930 0.8380000000000001 38
1763056851946 0.8390000000000001 39
1763056851956 0.8400000000000001 40
1763056851967 0.8410000000000001 41
1763056851978 0.8420000000000001 42
1763056851990 0.8430000000000001 43
1763056852000 0.8440000000000001 44
1763056852012 0.8450000000000001 45
1763056852015 0.8460000000000001 46
1763056852035 0.8470000000000001 47
1763056852044 0.8480000000000001 48
1763056852057 0.8490000000000001 49
1763056852069 0.8500000000000001 50
1763056852080 0.8510000000000001 51
1763056852093 0.8520000000000001 52
1763056852104 0.8530000000000001 53
1763056852114 0.8540000000000001 54
1763056852121 0.8550000000000001 55
1763056852136 0.8560000000000001 56
1763056852147 0.8570000000000001 57
1763056852156 0.8580000000000001 58
1763056852167 0.8590000000000001 59
1763056852180 0.8600000000000001 60
1763056852187 0.861 61
1763056852200 0.8620000000000001 62
1763056852210 0.863 63
1763056852221 0.8640000000000001 64
1763056852234 0.865 65
1763056852246 0.8660000000000001 66
1763056852253 0.867 67
1763056852268 0.8680000000000001 68
1763056852281 0.869 69
1763056852290 0.8700000000000001 70
1763056852304 0.871 71
1763056852315 0.8720000000000001 72
1763056852327 0.873 73
1763056852338 0.874 74
1763056852351 0.875 75
1763056852362 0.876 76
1763056852372 0.877 77
1763056852386 0.878 78
1763056852392 0.879 79
1763056852406 0.88 80
1763056852417 0.881 81
1763056852437 0.882 82
1763056852448 0.883 83
1763056852459 0.884 84
1763056852471 0.885 85
1763056852483 0.886 86
1763056852495 0.887 87
1763056852507 0.888 88
1763056852513 0.889 89
1763056852532 0.89 90
1763056852541 0.891 91
1763056852549 0.892 92
1763056852565 0.893 93
1763056852575 0.894 94
1763056852581 0.895 95
1763056852596 0.896 96
1763056852609 0.897 97
1763056852622 0.898 98
1763056852634 0.899 99
