1763056851504 0.2 0
1763056851517 0.1998 1
1763056851526 0.1996 2
1763056851541 0.19940000000000002 3
1763056851553 0.19920000000000002 4
1763056851565 0.199 5
1763056851575 0.1988 6
1763056851586 0.1986 7
1763056851598 0.19840000000000002 8
1763056851610 0.19820000000000002 9
1763056851618 0.198 10
1763056851631 0.1978 11
1763056851642 0.1976 12
1763056851654 0.19740000000000002 13
1763056851665 0.19720000000000001 14
1763056851674 0.197 15
1763056851681 0.1968 16
1763056851697 0.1966 17
1763056851708 0.19640000000000002 18
1763056851722 0.1962 19
1763056851732 0.196 20
1763056851739 0.1958 21
1763056851754 0.19560000000000002 22
1763056851769 0.19540000000000002 23
1763056851783 0.1952 24
1763056851794 0.195 25
1763056851806 0.1948 26
1763056851820 0.19460000000000002 27
1763056851831 0.19440000000000002 28
1763056851842 0.1942 29
1763056851855 0.194 30
1763056851865 0.1938 31
1763056851877 0.19360000000000002 32
1763056851889 0.19340000000000002 33
1763056851899 0.1932 34
1763056851908 0.193 35
1763056851919 0.1928 36
1763056851930 0.19260000000000002 37
1763056851940 0.19240000000000002 38
1763056851950 0.1922 39
1763056851960 0.192 40
1763056851971 0.1918 41
1763056851986 0.19160000000000002 42
1763056851995 0.19140000000000001 43
1763056852005 0.1912 44
1763056852015 0.191 45
1763056852025 0.19080000000000003 46
1763056852039 0.19060000000000002 47
1763056852049 0.1904 48
1763056852058 0.1902 49
1763056852073 0.19 50
1763056852086 0.18980000000000002 51
1763056852097 0.18960000000000002 52
1763056852105 0.1894 53
1763056852120 0.1892 54
1763056852130 0.189 55
1763056852136 0.18880000000000002 56
1763056852151 0.18860000000000002 57
1763056852163 0.1884 58
1763056852173 0.1882 59
1763056852185 0.188 60
1763056852194 0.18780000000000002 61
1763056852206 0.18760000000000002 62
1763056852217 0.1874 63
1763056852227 0.1872 64
1763056852238 0.187 65
1763056852251 0.18680000000000002 66
1763056852258 0.18660000000000002 67
1763056852270 0.1864 68
1763056852286 0.1862 69
1763056852297 0.186 70
1763056852308 0.18580000000000002 71
1763056852319 0.18560000000000001 72
1763056852334 0.1854 73
1763056852345 0.1852 74
1763056852357 0.185 75
1763056852368 0.18480000000000002 76
1763056852377 0.18460000000000001 77
1763056852390 0.1844 78
1763056852399 0.1842 79
1763056852413 0.184 80
1763056852433 0.18380000000000002 81
1763056852443 0.1836 82
1763056852455 0.1834 83
1763056852464 0.1832 84
1763056852478 0.183 85
1763056852483 0.18280000000000002 86
1763056852501 0.1826 87
1763056852513 0.1824 88
1763056852526 0.1822 89
1763056852537 0.182 90
1763056852549 0.18180000000000002 91
1763056852556 0.1816 92
1763056852569 0.1814 93
1763056852581 0.1812 94
1763056852581 0.18100000000000002 95
1763056852601 0.18080000000000002 96
1763056852614 0.1806 97
1763056852628 0.1804 98
1763056852640 0.1802 99
