1762938534921 0.9 1
1762938534952 0.9 1
1762938535106 0.8 0
1762938535120 0.801 1
1762938535134 0.802 2
1762938535144 0.803 3
1762938535153 0.804 4
1762938535169 0.805 5
1762938535180 0.806 6
1762938535193 0.807 7
1762938535199 0.808 8
1762938535216 0.809 9
1762938535226 0.81 10
1762938535237 0.811 11
1762938535247 0.812 12
1762938535263 0.8130000000000001 13
1762938535263 0.8140000000000001 14
1762938535282 0.8150000000000001 15
1762938535295 0.8160000000000001 16
1762938535309 0.8170000000000001 17
1762938535316 0.8180000000000001 18
1762938535331 0.8190000000000001 19
1762938535341 0.8200000000000001 20
1762938535348 0.8210000000000001 21
1762938535362 0.8220000000000001 22
1762938535368 0.8230000000000001 23
1762938535392 0.8240000000000001 24
1762938535395 0.8250000000000001 25
1762938535410 0.8260000000000001 26
1762938535421 0.8270000000000001 27
1762938535429 0.8280000000000001 28
1762938535443 0.8290000000000001 29
1762938535452 0.8300000000000001 30
1762938535461 0.8310000000000001 31
1762938535471 0.8320000000000001 32
1762938535483 0.8330000000000001 33
1762938535493 0.8340000000000001 34
1762938535500 0.8350000000000001 35
1762938535512 0.8360000000000001 36
1762938535520 0.8370000000000001 37
1762938535529 0.8380000000000001 38
1762938535540 0.8390000000000001 39
1762938535547 0.8400000000000001 40
1762938535560 0.8410000000000001 41
1762938535569 0.8420000000000001 42
1762938535578 0.8430000000000001 43
1762938535586 0.8440000000000001 44
1762938535597 0.8450000000000001 45
1762938535605 0.8460000000000001 46
1762938535615 0.8470000000000001 47
1762938535623 0.8480000000000001 48
1762938535633 0.8490000000000001 49
1762938535640 0.8500000000000001 50
1762938535652 0.8510000000000001 51
1762938535660 0.8520000000000001 52
1762938535669 0.8530000000000001 53
1762938535679 0.8540000000000001 54
1762938535687 0.8550000000000001 55
1762938535697 0.8560000000000001 56
1762938535698 0.8570000000000001 57
1762938535714 0.8580000000000001 58
1762938535721 0.8590000000000001 59
1762938535734 0.8600000000000001 60
1762938535744 0.861 61
1762938535750 0.8620000000000001 62
1762938535760 0.863 63
1762938535768 0.8640000000000001 64
1762938535780 0.865 65
1762938535788 0.8660000000000001 66
1762938535795 0.867 67
1762938535795 0.8680000000000001 68
1762938535815 0.869 69
1762938535824 0.8700000000000001 70
1762938535828 0.871 71
1762938535841 0.8720000000000001 72
1762938535843 0.873 73
1762938535861 0.874 74
1762938535866 0.875 75
1762938535879 0.876 76
1762938535879 0.877 77
1762938535896 0.878 78
1762938535904 0.879 79
1762938535912 0.88 80
1762938535919 0.881 81
1762938535933 0.882 82
1762938535941 0.883 83
1762938535951 0.884 84
1762938535961 0.885 85
1762938535972 0.886 86
1762938535979 0.887 87
1762938535995 0.888 88
1762938536006 0.889 89
1762938536014 0.89 90
1762938536027 0.891 91
1762938536037 0.892 92
1762938536047 0.893 93
1762938536055 0.894 94
1762938536063 0.895 95
1762938536076 0.896 96
1762938536082 0.897 97
1762938536097 0.898 98
1762938536105 0.899 99
