1762938535113 0.2 0
1762938535126 0.1998 1
1762938535138 0.1996 2
1762938535149 0.19940000000000002 3
1762938535165 0.19920000000000002 4
1762938535176 0.199 5
1762938535180 0.1988 6
1762938535199 0.1986 7
1762938535211 0.19840000000000002 8
1762938535216 0.19820000000000002 9
1762938535231 0.198 10
1762938535243 0.1978 11
1762938535250 0.1976 12
1762938535263 0.19740000000000002 13
1762938535280 0.19720000000000001 14
1762938535287 0.197 15
1762938535299 0.1968 16
1762938535311 0.1966 17
1762938535325 0.19640000000000002 18
1762938535335 0.1962 19
1762938535346 0.196 20
1762938535356 0.1958 21
1762938535363 0.19560000000000002 22
1762938535383 0.19540000000000002 23
1762938535395 0.1952 24
1762938535404 0.195 25
1762938535410 0.1948 26
1762938535421 0.19460000000000002 27
1762938535437 0.19440000000000002 28
1762938535445 0.1942 29
1762938535454 0.194 30
1762938535467 0.1938 31
1762938535471 0.19360000000000002 32
1762938535483 0.19340000000000002 33
1762938535497 0.1932 34
1762938535507 0.193 35
1762938535516 0.1928 36
1762938535527 0.19260000000000002 37
1762938535529 0.19240000000000002 38
1762938535546 0.1922 39
1762938535547 0.192 40
1762938535565 0.1918 41
1762938535572 0.19160000000000002 42
1762938535582 0.19140000000000001 43
1762938535589 0.1912 44
1762938535601 0.191 45
1762938535611 0.19080000000000003 46
1762938535619 0.19060000000000002 47
1762938535629 0.1904 48
1762938535636 0.1902 49
1762938535645 0.19 50
1762938535656 0.18980000000000002 51
1762938535664 0.18960000000000002 52
1762938535673 0.1894 53
1762938535683 0.1892 54
1762938535691 0.189 55
1762938535698 0.18880000000000002 56
1762938535698 0.18860000000000002 57
1762938535716 0.1884 58
1762938535729 0.1882 59
1762938535738 0.188 60
1762938535746 0.18780000000000002 61
1762938535754 0.18760000000000002 62
1762938535763 0.1874 63
1762938535772 0.1872 64
1762938535784 0.187 65
1762938535792 0.18680000000000002 66
1762938535795 0.18660000000000002 67
1762938535811 0.1864 68
1762938535817 0.1862 69
1762938535828 0.186 70
1762938535828 0.18580000000000002 71
1762938535843 0.18560000000000001 72
1762938535856 0.1854 73
1762938535862 0.1852 74
1762938535871 0.185 75
1762938535879 0.18480000000000002 76
1762938535892 0.18460000000000001 77
1762938535896 0.1844 78
1762938535911 0.1842 79
1762938535919 0.184 80
1762938535929 0.18380000000000002 81
1762938535937 0.1836 82
1762938535946 0.1834 83
1762938535955 0.1832 84
1762938535965 0.183 85
1762938535976 0.18280000000000002 86
1762938535984 0.1826 87
1762938535999 0.1824 88
1762938536012 0.1822 89
1762938536019 0.182 90
1762938536030 0.18180000000000002 91
1762938536043 0.1816 92
1762938536049 0.1814 93
1762938536061 0.1812 94
1762938536067 0.18100000000000002 95
1762938536079 0.18080000000000002 96
1762938536090 0.1806 97
1762938536101 0.1804 98
1762938536111 0.1802 99
